0.01 -6.12101e-06
0.02 -2.44825e-05
0.03 -5.50763e-05
0.04 -9.78871e-05
0.05 -0.000152893
0.06 -0.000220064
0.07 -0.000299366
0.08 -0.000390754
0.09 -0.000494179
0.1 -0.000609584
0.11 -0.000736906
0.12 -0.000876075
0.13 -0.00102701
0.14 -0.00118964
0.15 -0.00136386
0.16 -0.00154958
0.17 -0.00174669
0.18 -0.00195509
0.19 -0.00217466
0.2 -0.00240528
0.21 -0.00264682
0.22 -0.00289913
0.23 -0.00316209
0.24 -0.00343554
0.25 -0.00371933
0.26 -0.00401331
0.27 -0.00431729
0.28 -0.00463113
0.29 -0.00495463
0.3 -0.00528761
0.31 -0.00562989
0.32 -0.00598128
0.33 -0.00634158
0.34 -0.00671057
0.35 -0.00708806
0.36 -0.00747383
0.37 -0.00786767
0.38 -0.00826934
0.39 -0.00867862
0.4 -0.00909528
0.41 -0.00951908
0.42 -0.00994978
0.43 -0.0103871
0.44 -0.0108309
0.45 -0.0112808
0.46 -0.0117366
0.47 -0.0121981
0.48 -0.0126649
0.49 -0.0131368
0.5 -0.0136136
0.51 -0.0140949
0.52 -0.0145805
0.53 -0.0150701
0.54 -0.0155635
0.55 -0.0160603
0.56 -0.0165602
0.57 -0.017063
0.58 -0.0175683
0.59 -0.018076
0.6 -0.0185856
0.61 -0.019097
0.62 -0.0196097
0.63 -0.0201235
0.64 -0.0206381
0.65 -0.0211532
0.66 -0.0216685
0.67 -0.0221837
0.68 -0.0226984
0.69 -0.0232125
0.7 -0.0237255
0.71 -0.0242372
0.72 -0.0247473
0.73 -0.0252555
0.74 -0.0257614
0.75 -0.0262648
0.76 -0.0267653
0.77 -0.0272627
0.78 -0.0277567
0.79 -0.028247
0.8 -0.0287332
0.81 -0.0292151
0.82 -0.0296924
0.83 -0.0301648
0.84 -0.030632
0.85 -0.0310937
0.86 -0.0315496
0.87 -0.0319995
0.88 -0.032443
0.89 -0.0328799
0.9 -0.03331
0.91 -0.0337329
0.92 -0.0341484
0.93 -0.0345562
0.94 -0.034956
0.95 -0.0353476
0.96 -0.0357308
0.97 -0.0361052
0.98 -0.0364707
0.99 -0.036827
1 -0.0371739
1.01 -0.037511
1.02 -0.0378383
1.03 -0.0381555
1.04 -0.0384623
1.05 -0.0387585
1.06 -0.039044
1.07 -0.0393184
1.08 -0.0395818
1.09 -0.0398337
1.1 -0.0400741
1.11 -0.0403027
1.12 -0.0405194
1.13 -0.040724
1.14 -0.0409163
1.15 -0.0410962
1.16 -0.0412635
1.17 -0.041418
1.18 -0.0415597
1.19 -0.0416884
1.2 -0.0418039
1.21 -0.0419062
1.22 -0.0419951
1.23 -0.0420704
1.24 -0.0421322
1.25 -0.0421802
1.26 -0.0422144
1.27 -0.0422348
1.28 -0.0422411
1.29 -0.0422335
1.3 -0.0422117
1.31 -0.0421757
1.32 -0.0421255
1.33 -0.0420611
1.34 -0.0419823
1.35 -0.0418892
1.36 -0.0417817
1.37 -0.0416598
1.38 -0.0415236
1.39 -0.0413729
1.4 -0.0412078
1.41 -0.0410284
1.42 -0.0408345
1.43 -0.0406263
1.44 -0.0404038
1.45 -0.0401669
1.46 -0.0399158
1.47 -0.0396506
1.48 -0.0393711
1.49 -0.0390776
1.5 -0.0387701
1.51 -0.0384486
1.52 -0.0381133
1.53 -0.0377642
1.54 -0.0374015
1.55 -0.0370251
1.56 -0.0366354
1.57 -0.0362323
1.58 -0.0358159
1.59 -0.0353865
1.6 -0.0349441
1.61 -0.0344889
1.62 -0.034021
1.63 -0.0335406
1.64 -0.0330479
1.65 -0.0325429
1.66 -0.0320259
1.67 -0.0314971
1.68 -0.0309565
1.69 -0.0304045
1.7 -0.0298412
1.71 -0.0292668
1.72 -0.0286815
1.73 -0.0280856
1.74 -0.0274791
1.75 -0.0268624
1.76 -0.0262356
1.77 -0.025599
1.78 -0.0249528
1.79 -0.0242973
1.8 -0.0236327
1.81 -0.0229592
1.82 -0.0222771
1.83 -0.0215866
1.84 -0.020888
1.85 -0.0201816
1.86 -0.0194675
1.87 -0.0187462
1.88 -0.0180178
1.89 -0.0172826
1.9 -0.0165408
1.91 -0.0157929
1.92 -0.015039
1.93 -0.0142794
1.94 -0.0135145
1.95 -0.0127444
1.96 -0.0119695
1.97 -0.0111902
1.98 -0.0104066
1.99 -0.00961906
2 -0.00882792
2.01 -0.00803344
2.02 -0.00723594
2.03 -0.00643572
2.04 -0.00563306
2.05 -0.00482829
2.06 -0.00402169
2.07 -0.00321358
2.08 -0.00240426
2.09 -0.00159404
2.1 -0.000783212
2.11 2.79068e-05
2.12 0.000839015
2.13 0.00164981
2.14 0.00245998
2.15 0.00326923
2.16 0.00407726
2.17 0.00488375
2.18 0.00568842
2.19 0.00649095
2.2 0.00729106
2.21 0.00808844
2.22 0.00888279
2.23 0.00967383
2.24 0.0104613
2.25 0.0112448
2.26 0.0120241
2.27 0.012799
2.28 0.0135691
2.29 0.0143342
2.3 0.0150939
2.31 0.0158481
2.32 0.0165963
2.33 0.0173385
2.34 0.0180742
2.35 0.0188032
2.36 0.0195253
2.37 0.0202403
2.38 0.0209477
2.39 0.0216475
2.4 0.0223393
2.41 0.0230229
2.42 0.0236981
2.43 0.0243646
2.44 0.0250222
2.45 0.0256706
2.46 0.0263097
2.47 0.0269392
2.48 0.027559
2.49 0.0281687
2.5 0.0287682
2.51 0.0293573
2.52 0.0299358
2.53 0.0305034
2.54 0.0310601
2.55 0.0316056
2.56 0.0321397
2.57 0.0326623
2.58 0.0331732
2.59 0.0336722
2.6 0.0341592
2.61 0.0346341
2.62 0.0350965
2.63 0.0355465
2.64 0.0359839
2.65 0.0364086
2.66 0.0368204
2.67 0.0372191
2.68 0.0376048
2.69 0.0379772
2.7 0.0383363
2.71 0.038682
2.72 0.0390141
2.73 0.0393326
2.74 0.0396374
2.75 0.0399284
2.76 0.0402055
2.77 0.0404687
2.78 0.0407178
2.79 0.0409529
2.8 0.0411739
2.81 0.0413808
2.82 0.0415734
2.83 0.0417518
2.84 0.0419159
2.85 0.0420657
2.86 0.0422012
2.87 0.0423223
2.88 0.0424291
2.89 0.0425215
2.9 0.0425996
2.91 0.0426633
2.92 0.0427126
2.93 0.0427476
2.94 0.0427683
2.95 0.0427747
2.96 0.0427668
2.97 0.0427447
2.98 0.0427084
2.99 0.0426579
3 0.0425934
3.01 0.0425148
3.02 0.0424222
3.03 0.0423156
3.04 0.0421952
3.05 0.042061
3.06 0.0419131
3.07 0.0417515
3.08 0.0415764
3.09 0.0413878
3.1 0.0411858
3.11 0.0409705
3.12 0.040742
3.13 0.0405005
3.14 0.040246
3.15 0.0399786
3.16 0.0396985
3.17 0.0394057
3.18 0.0391004
3.19 0.0387828
3.2 0.0384528
3.21 0.0381108
3.22 0.0377568
3.23 0.0373909
3.24 0.0370133
3.25 0.0366242
3.26 0.0362236
3.27 0.0358118
3.28 0.0353889
3.29 0.0349551
3.3 0.0345104
3.31 0.0340551
3.32 0.0335894
3.33 0.0331133
3.34 0.0326271
3.35 0.032131
3.36 0.0316251
3.37 0.0311096
3.38 0.0305847
3.39 0.0300505
3.4 0.0295072
3.41 0.0289551
3.42 0.0283943
3.43 0.027825
3.44 0.0272474
3.45 0.0266616
3.46 0.0260679
3.47 0.0254665
3.48 0.0248575
3.49 0.0242412
3.5 0.0236178
3.51 0.0229874
3.52 0.0223503
3.53 0.0217066
3.54 0.0210566
3.55 0.0204005
3.56 0.0197384
3.57 0.0190706
3.58 0.0183973
3.59 0.0177187
3.6 0.017035
3.61 0.0163463
3.62 0.015653
3.63 0.0149552
3.64 0.0142531
3.65 0.013547
3.66 0.012837
3.67 0.0121234
3.68 0.0114064
3.69 0.0106861
3.7 0.00996281
3.71 0.00923673
3.72 0.00850805
3.73 0.00777698
3.74 0.00704375
3.75 0.00630854
3.76 0.00557159
3.77 0.00483308
3.78 0.00409324
3.79 0.00335226
3.8 0.00261036
3.81 0.00186774
3.82 0.00112461
3.83 0.000381165
3.84 -0.000362382
3.85 -0.00110583
3.86 -0.00184898
3.87 -0.00259162
3.88 -0.00333356
3.89 -0.00407459
3.9 -0.00481453
3.91 -0.00555316
3.92 -0.00629029
3.93 -0.00702573
3.94 -0.00775929
3.95 -0.00849076
3.96 -0.00921997
3.97 -0.00994671
3.98 -0.0106708
3.99 -0.011392
4 -0.0121103
4.01 -0.0128253
4.02 -0.0135369
4.03 -0.0142449
4.04 -0.0149492
4.05 -0.0156496
4.06 -0.0163458
4.07 -0.0170377
4.08 -0.0177252
4.09 -0.018408
4.1 -0.0190861
4.11 -0.0197591
4.12 -0.0204271
4.13 -0.0210897
4.14 -0.0217468
4.15 -0.0223983
4.16 -0.023044
4.17 -0.0236838
4.18 -0.0243174
4.19 -0.0249448
4.2 -0.0255658
4.21 -0.0261803
4.22 -0.026788
4.23 -0.0273888
4.24 -0.0279827
4.25 -0.0285694
4.26 -0.0291489
4.27 -0.0297209
4.28 -0.0302854
4.29 -0.0308422
4.3 -0.0313912
4.31 -0.0319323
4.32 -0.0324653
4.33 -0.0329901
4.34 -0.0335066
4.35 -0.0340146
4.36 -0.0345141
4.37 -0.035005
4.38 -0.0354871
4.39 -0.0359603
4.4 -0.0364245
4.41 -0.0368796
4.42 -0.0373255
4.43 -0.0377621
4.44 -0.0381893
4.45 -0.0386071
4.46 -0.0390152
4.47 -0.0394137
4.48 -0.0398024
4.49 -0.0401813
4.5 -0.0405503
4.51 -0.0409092
4.52 -0.0412581
4.53 -0.0415968
4.54 -0.0419253
4.55 -0.0422435
4.56 -0.0425513
4.57 -0.0428487
4.58 -0.0431356
4.59 -0.0434119
4.6 -0.0436776
4.61 -0.0439327
4.62 -0.044177
4.63 -0.0444106
4.64 -0.0446334
4.65 -0.0448453
4.66 -0.0450463
4.67 -0.0452364
4.68 -0.0454155
4.69 -0.0455836
4.7 -0.0457406
4.71 -0.0458866
4.72 -0.0460215
4.73 -0.0461453
4.74 -0.046258
4.75 -0.0463595
4.76 -0.0464498
4.77 -0.046529
4.78 -0.046597
4.79 -0.0466537
4.8 -0.0466993
4.81 -0.0467337
4.82 -0.0467568
4.83 -0.0467688
4.84 -0.0467696
4.85 -0.0467592
4.86 -0.0467376
4.87 -0.0467048
4.88 -0.0466609
4.89 -0.0466059
4.9 -0.0465398
4.91 -0.0464626
4.92 -0.0463743
4.93 -0.046275
4.94 -0.0461647
4.95 -0.0460434
4.96 -0.0459112
4.97 -0.0457681
4.98 -0.0456142
4.99 -0.0454494
5 -0.0452739
5.01 -0.0450877
5.02 -0.0448908
5.03 -0.0446833
5.04 -0.0444653
5.05 -0.0442367
5.06 -0.0439977
5.07 -0.0437483
5.08 -0.0434886
5.09 -0.0432187
5.1 -0.0429386
5.11 -0.0426484
5.12 -0.0423482
5.13 -0.042038
5.14 -0.0417179
5.15 -0.041388
5.16 -0.0410484
5.17 -0.0406992
5.18 -0.0403404
5.19 -0.0399722
5.2 -0.0395946
5.21 -0.0392077
5.22 -0.0388117
5.23 -0.0384066
5.24 -0.0379924
5.25 -0.0375694
5.26 -0.0371377
5.27 -0.0366972
5.28 -0.0362482
5.29 -0.0357907
5.3 -0.0353249
5.31 -0.0348508
5.32 -0.0343686
5.33 -0.0338784
5.34 -0.0333803
5.35 -0.0328744
5.36 -0.0323609
5.37 -0.0318398
5.38 -0.0313113
5.39 -0.0307756
5.4 -0.0302327
5.41 -0.0296827
5.42 -0.0291259
5.43 -0.0285623
5.44 -0.0279921
5.45 -0.0274153
5.46 -0.0268323
5.47 -0.0262429
5.48 -0.0256475
5.49 -0.0250462
5.5 -0.024439
5.51 -0.0238262
5.52 -0.0232079
5.53 -0.0225842
5.54 -0.0219552
5.55 -0.0213212
5.56 -0.0206823
5.57 -0.0200385
5.58 -0.0193901
5.59 -0.0187373
5.6 -0.0180801
5.61 -0.0174187
5.62 -0.0167533
5.63 -0.0160841
5.64 -0.0154111
5.65 -0.0147345
5.66 -0.0140546
5.67 -0.0133714
5.68 -0.0126852
5.69 -0.011996
5.7 -0.011304
5.71 -0.0106094
5.72 -0.0099124
5.73 -0.0092131
5.74 -0.00851168
5.75 -0.00780829
5.76 -0.0071031
5.77 -0.00639628
5.78 -0.00568798
5.79 -0.00497838
5.8 -0.00426763
5.81 -0.00355589
5.82 -0.00284334
5.83 -0.00213013
5.84 -0.00141643
5.85 -0.000702409
5.86 1.17762e-05
5.87 0.000725959
5.88 0.00143997
5.89 0.00215366
5.9 0.00286685
5.91 0.00357938
5.92 0.00429109
5.93 0.00500181
5.94 0.00571138
5.95 0.00641964
5.96 0.00712642
5.97 0.00783157
5.98 0.00853492
5.99 0.00923631
6 0.00993558
6.01 0.0106326
6.02 0.0113271
6.03 0.0120191
6.04 0.0127083
6.05 0.0133945
6.06 0.0140777
6.07 0.0147577
6.08 0.0154343
6.09 0.0161073
6.1 0.0167767
6.11 0.0174422
6.12 0.0181037
6.13 0.018761
6.14 0.0194141
6.15 0.0200627
6.16 0.0207067
6.17 0.0213459
6.18 0.0219803
6.19 0.0226096
6.2 0.0232337
6.21 0.0238526
6.22 0.0244659
6.23 0.0250736
6.24 0.0256756
6.25 0.0262718
6.26 0.0268619
6.27 0.0274458
6.28 0.0280235
6.29 0.0285947
6.3 0.0291594
6.31 0.0297174
6.32 0.0302686
6.33 0.0308129
6.34 0.0313501
6.35 0.0318801
6.36 0.0324029
6.37 0.0329182
6.38 0.033426
6.39 0.0339261
6.4 0.0344185
6.41 0.034903
6.42 0.0353795
6.43 0.0358479
6.44 0.0363081
6.45 0.03676
6.46 0.0372035
6.47 0.0376384
6.48 0.0380648
6.49 0.0384824
6.5 0.0388912
6.51 0.0392912
6.52 0.0396821
6.53 0.040064
6.54 0.0404367
6.55 0.0408001
6.56 0.0411542
6.57 0.0414989
6.58 0.0418341
6.59 0.0421598
6.6 0.0424757
6.61 0.042782
6.62 0.0430785
6.63 0.0433651
6.64 0.0436418
6.65 0.0439086
6.66 0.0441652
6.67 0.0444118
6.68 0.0446482
6.69 0.0448744
6.7 0.0450904
6.71 0.045296
6.72 0.0454913
6.73 0.0456762
6.74 0.0458506
6.75 0.0460145
6.76 0.0461679
6.77 0.0463108
6.78 0.046443
6.79 0.0465647
6.8 0.0466756
6.81 0.046776
6.82 0.0468656
6.83 0.0469445
6.84 0.0470126
6.85 0.04707
6.86 0.0471167
6.87 0.0471525
6.88 0.0471776
6.89 0.0471919
6.9 0.0471954
6.91 0.0471881
6.92 0.04717
6.93 0.0471412
6.94 0.0471015
6.95 0.0470511
6.96 0.0469899
6.97 0.046918
6.98 0.0468353
6.99 0.046742
7 0.0466379
7.01 0.0465232
7.02 0.0463978
7.03 0.0462618
7.04 0.0461152
7.05 0.0459581
7.06 0.0457905
7.07 0.0456124
7.08 0.0454239
7.09 0.045225
7.1 0.0450157
7.11 0.0447962
7.12 0.0445664
7.13 0.0443264
7.14 0.0440763
7.15 0.043816
7.16 0.0435458
7.17 0.0432656
7.18 0.0429755
7.19 0.0426756
7.2 0.0423659
7.21 0.0420465
7.22 0.0417176
7.23 0.041379
7.24 0.041031
7.25 0.0406736
7.26 0.0403069
7.27 0.039931
7.28 0.039546
7.29 0.0391519
7.3 0.0387488
7.31 0.0383369
7.32 0.0379162
7.33 0.0374869
7.34 0.0370489
7.35 0.0366025
7.36 0.0361477
7.37 0.0356847
7.38 0.0352134
7.39 0.0347342
7.4 0.0342469
7.41 0.0337519
7.42 0.0332491
7.43 0.0327387
7.44 0.0322208
7.45 0.0316955
7.46 0.031163
7.47 0.0306234
7.48 0.0300767
7.49 0.0295232
7.5 0.0289629
7.51 0.028396
7.52 0.0278226
7.53 0.0272428
7.54 0.0266568
7.55 0.0260646
7.56 0.0254665
7.57 0.0248626
7.58 0.024253
7.59 0.0236379
7.6 0.0230173
7.61 0.0223914
7.62 0.0217605
7.63 0.0211245
7.64 0.0204838
7.65 0.0198383
7.66 0.0191883
7.67 0.0185339
7.68 0.0178752
7.69 0.0172125
7.7 0.0165458
7.71 0.0158753
7.72 0.0152012
7.73 0.0145236
7.74 0.0138427
7.75 0.0131586
7.76 0.0124715
7.77 0.0117816
7.78 0.011089
7.79 0.0103938
7.8 0.0096962
7.81 0.00899641
7.82 0.00829457
7.83 0.00759082
7.84 0.00688534
7.85 0.00617828
7.86 0.0054698
7.87 0.00476007
7.88 0.00404925
7.89 0.0033375
7.9 0.00262499
7.91 0.00191188
7.92 0.00119833
7.93 0.000484503
7.94 -0.000229434
7.95 -0.000943317
7.96 -0.00165698
7.97 -0.00237027
7.98 -0.00308302
7.99 -0.00379506
8 -0.00450623
8.01 -0.00521636
8.02 -0.0059253
8.03 -0.00663289
8.04 -0.00733895
8.05 -0.00804333
8.06 -0.00874587
8.07 -0.00944641
8.08 -0.0101448
8.09 -0.0108408
8.1 -0.0115344
8.11 -0.0122253
8.12 -0.0129134
8.13 -0.0135986
8.14 -0.0142806
8.15 -0.0149594
8.16 -0.0156347
8.17 -0.0163065
8.18 -0.0169745
8.19 -0.0176386
8.2 -0.0182987
8.21 -0.0189546
8.22 -0.0196062
8.23 -0.0202532
8.24 -0.0208956
8.25 -0.0215332
8.26 -0.0221659
8.27 -0.0227935
8.28 -0.0234159
8.29 -0.0240329
8.3 -0.0246444
8.31 -0.0252503
8.32 -0.0258503
8.33 -0.0264444
8.34 -0.0270325
8.35 -0.0276144
8.36 -0.0281899
8.37 -0.028759
8.38 -0.0293215
8.39 -0.0298772
8.4 -0.0304261
8.41 -0.0309681
8.42 -0.0315029
8.43 -0.0320305
8.44 -0.0325507
8.45 -0.0330635
8.46 -0.0335687
8.47 -0.0340662
8.48 -0.0345559
8.49 -0.0350377
8.5 -0.0355114
8.51 -0.035977
8.52 -0.0364343
8.53 -0.0368833
8.54 -0.0373238
8.55 -0.0377558
8.56 -0.0381791
8.57 -0.0385936
8.58 -0.0389993
8.59 -0.039396
8.6 -0.0397837
8.61 -0.0401622
8.62 -0.0405316
8.63 -0.0408916
8.64 -0.0412423
8.65 -0.0415835
8.66 -0.0419152
8.67 -0.0422372
8.68 -0.0425496
8.69 -0.0428522
8.7 -0.0431449
8.71 -0.0434278
8.72 -0.0437007
8.73 -0.0439635
8.74 -0.0442163
8.75 -0.0444589
8.76 -0.0446913
8.77 -0.0449135
8.78 -0.0451253
8.79 -0.0453268
8.8 -0.0455179
8.81 -0.0456985
8.82 -0.0458687
8.83 -0.0460283
8.84 -0.0461774
8.85 -0.0463158
8.86 -0.0464437
8.87 -0.0465608
8.88 -0.0466673
8.89 -0.046763
8.9 -0.0468481
8.91 -0.0469223
8.92 -0.0469858
8.93 -0.0470385
8.94 -0.0470804
8.95 -0.0471115
8.96 -0.0471318
8.97 -0.0471413
8.98 -0.0471399
8.99 -0.0471277
9 -0.0471047
9.01 -0.0470709
9.02 -0.0470262
9.03 -0.0469708
9.04 -0.0469046
9.05 -0.0468276
9.06 -0.0467398
9.07 -0.0466413
9.08 -0.0465321
9.09 -0.0464122
9.1 -0.0462817
9.11 -0.0461405
9.12 -0.0459887
9.13 -0.0458264
9.14 -0.0456535
9.15 -0.0454702
9.16 -0.0452764
9.17 -0.0450722
9.18 -0.0448576
9.19 -0.0446328
9.2 -0.0443977
9.21 -0.0441524
9.22 -0.0438969
9.23 -0.0436314
9.24 -0.0433558
9.25 -0.0430703
9.26 -0.0427749
9.27 -0.0424696
9.28 -0.0421546
9.29 -0.0418299
9.3 -0.0414956
9.31 -0.0411518
9.32 -0.0407985
9.33 -0.0404358
9.34 -0.0400639
9.35 -0.0396827
9.36 -0.0392924
9.37 -0.0388931
9.38 -0.0384848
9.39 -0.0380677
9.4 -0.0376419
9.41 -0.0372074
9.42 -0.0367644
9.43 -0.0363129
9.44 -0.035853
9.45 -0.0353849
9.46 -0.0349087
9.47 -0.0344245
9.48 -0.0339323
9.49 -0.0334324
9.5 -0.0329247
9.51 -0.0324095
9.52 -0.0318868
9.53 -0.0313569
9.54 -0.0308197
9.55 -0.0302754
9.56 -0.0297241
9.57 -0.0291661
9.58 -0.0286013
9.59 -0.0280299
9.6 -0.0274521
9.61 -0.026868
9.62 -0.0262777
9.63 -0.0256814
9.64 -0.0250792
9.65 -0.0244712
9.66 -0.0238575
9.67 -0.0232384
9.68 -0.022614
9.69 -0.0219843
9.7 -0.0213496
9.71 -0.02071
9.72 -0.0200656
9.73 -0.0194166
9.74 -0.0187631
9.75 -0.0181053
9.76 -0.0174434
9.77 -0.0167774
9.78 -0.0161076
9.79 -0.0154341
9.8 -0.014757
9.81 -0.0140766
9.82 -0.0133929
9.83 -0.0127061
9.84 -0.0120164
9.85 -0.0113239
9.86 -0.0106288
9.87 -0.00993132
9.88 -0.00923151
9.89 -0.00852959
9.9 -0.0078257
9.91 -0.00712002
9.92 -0.00641269
9.93 -0.00570389
9.94 -0.00499378
9.95 -0.00428252
9.96 -0.00357027
9.97 -0.0028572
9.98 -0.00214348
9.99 -0.00142926
10 -0.000714712
