0.01 6.15053e-06
0.02 2.45986e-05
0.03 5.5333e-05
0.04 9.83357e-05
0.05 0.000153582
0.06 0.000221039
0.07 0.000300668
0.08 0.000392424
0.09 0.000496254
0.1 0.000612099
0.11 0.000739892
0.12 0.000879561
0.13 0.00103103
0.14 0.0011942
0.15 0.00136899
0.16 0.0015553
0.17 0.00175302
0.18 0.00196204
0.19 0.00218224
0.2 0.00241349
0.21 0.00265567
0.22 0.00290863
0.23 0.00317224
0.24 0.00344634
0.25 0.00373077
0.26 0.00402539
0.27 0.00433
0.28 0.00464446
0.29 0.00496856
0.3 0.00530214
0.31 0.005645
0.32 0.00599695
0.33 0.00635778
0.34 0.00672729
0.35 0.00710526
0.36 0.00749149
0.37 0.00788576
0.38 0.00828783
0.39 0.00869748
0.4 0.00911447
0.41 0.00953856
0.42 0.00996952
0.43 0.0104071
0.44 0.010851
0.45 0.0113011
0.46 0.011757
0.47 0.0122184
0.48 0.0126852
0.49 0.0131571
0.5 0.0136337
0.51 0.0141148
0.52 0.0146002
0.53 0.0150895
0.54 0.0155825
0.55 0.0160788
0.56 0.0165783
0.57 0.0170805
0.58 0.0175852
0.59 0.0180921
0.6 0.018601
0.61 0.0191115
0.62 0.0196232
0.63 0.020136
0.64 0.0206495
0.65 0.0211635
0.66 0.0216775
0.67 0.0221913
0.68 0.0227046
0.69 0.0232171
0.7 0.0237285
0.71 0.0242385
0.72 0.0247468
0.73 0.025253
0.74 0.0257569
0.75 0.0262582
0.76 0.0267565
0.77 0.0272516
0.78 0.0277431
0.79 0.0282308
0.8 0.0287144
0.81 0.0291935
0.82 0.0296679
0.83 0.0301372
0.84 0.0306013
0.85 0.0310597
0.86 0.0315122
0.87 0.0319586
0.88 0.0323985
0.89 0.0328316
0.9 0.0332578
0.91 0.0336766
0.92 0.0340879
0.93 0.0344914
0.94 0.0348867
0.95 0.0352738
0.96 0.0356522
0.97 0.0360217
0.98 0.0363822
0.99 0.0367332
1 0.0370747
1.01 0.0374064
1.02 0.037728
1.03 0.0380393
1.04 0.0383402
1.05 0.0386303
1.06 0.0389094
1.07 0.0391774
1.08 0.0394341
1.09 0.0396792
1.1 0.0399126
1.11 0.0401341
1.12 0.0403435
1.13 0.0405406
1.14 0.0407252
1.15 0.0408973
1.16 0.0410566
1.17 0.041203
1.18 0.0413363
1.19 0.0414564
1.2 0.0415632
1.21 0.0416566
1.22 0.0417364
1.23 0.0418024
1.24 0.0418547
1.25 0.0418932
1.26 0.0419176
1.27 0.0419279
1.28 0.0419241
1.29 0.0419061
1.3 0.0418738
1.31 0.0418271
1.32 0.0417661
1.33 0.0416905
1.34 0.0416005
1.35 0.041496
1.36 0.0413769
1.37 0.0412433
1.38 0.0410951
1.39 0.0409323
1.4 0.040755
1.41 0.0405631
1.42 0.0403567
1.43 0.0401357
1.44 0.0399003
1.45 0.0396504
1.46 0.0393861
1.47 0.0391074
1.48 0.0388145
1.49 0.0385073
1.5 0.038186
1.51 0.0378506
1.52 0.0375013
1.53 0.0371381
1.54 0.036761
1.55 0.0363703
1.56 0.035966
1.57 0.0355483
1.58 0.0351173
1.59 0.0346731
1.6 0.0342158
1.61 0.0337457
1.62 0.0332628
1.63 0.0327673
1.64 0.0322594
1.65 0.0317393
1.66 0.0312071
1.67 0.030663
1.68 0.0301072
1.69 0.0295399
1.7 0.0289613
1.71 0.0283716
1.72 0.027771
1.73 0.0271597
1.74 0.026538
1.75 0.0259061
1.76 0.0252641
1.77 0.0246125
1.78 0.0239513
1.79 0.0232808
1.8 0.0226013
1.81 0.0219131
1.82 0.0212163
1.83 0.0205114
1.84 0.0197984
1.85 0.0190777
1.86 0.0183496
1.87 0.0176144
1.88 0.0168723
1.89 0.0161236
1.9 0.0153686
1.91 0.0146076
1.92 0.0138409
1.93 0.0130688
1.94 0.0122916
1.95 0.0115096
1.96 0.010723
1.97 0.00993227
1.98 0.00913764
1.99 0.00833942
2 0.00753793
2.01 0.00673348
2.02 0.00592639
2.03 0.00511698
2.04 0.00430555
2.05 0.00349244
2.06 0.00267796
2.07 0.00186242
2.08 0.00104616
2.09 0.000229482
2.1 -0.000587285
2.11 -0.00140382
2.12 -0.00221981
2.13 -0.00303492
2.14 -0.00384884
2.15 -0.00466126
2.16 -0.00547184
2.17 -0.00628028
2.18 -0.00708625
2.19 -0.00788945
2.2 -0.00868955
2.21 -0.00948625
2.22 -0.0102792
2.23 -0.0110682
2.24 -0.0118528
2.25 -0.0126328
2.26 -0.0134079
2.27 -0.0141777
2.28 -0.0149419
2.29 -0.0157004
2.3 -0.0164527
2.31 -0.0171986
2.32 -0.0179378
2.33 -0.01867
2.34 -0.0193949
2.35 -0.0201123
2.36 -0.0208219
2.37 -0.0215234
2.38 -0.0222165
2.39 -0.022901
2.4 -0.0235766
2.41 -0.0242432
2.42 -0.0249003
2.43 -0.0255478
2.44 -0.0261854
2.45 -0.026813
2.46 -0.0274302
2.47 -0.0280368
2.48 -0.0286327
2.49 -0.0292176
2.5 -0.0297912
2.51 -0.0303534
2.52 -0.030904
2.53 -0.0314428
2.54 -0.0319696
2.55 -0.0324841
2.56 -0.0329863
2.57 -0.0334759
2.58 -0.0339528
2.59 -0.0344168
2.6 -0.0348677
2.61 -0.0353054
2.62 -0.0357298
2.63 -0.0361406
2.64 -0.0365379
2.65 -0.0369213
2.66 -0.0372909
2.67 -0.0376465
2.68 -0.0379879
2.69 -0.0383152
2.7 -0.038628
2.71 -0.0389265
2.72 -0.0392105
2.73 -0.0394798
2.74 -0.0397345
2.75 -0.0399745
2.76 -0.0401996
2.77 -0.0404099
2.78 -0.0406053
2.79 -0.0407857
2.8 -0.040951
2.81 -0.0411014
2.82 -0.0412367
2.83 -0.0413569
2.84 -0.041462
2.85 -0.041552
2.86 -0.0416268
2.87 -0.0416866
2.88 -0.0417312
2.89 -0.0417607
2.9 -0.0417752
2.91 -0.0417746
2.92 -0.041759
2.93 -0.0417283
2.94 -0.0416828
2.95 -0.0416223
2.96 -0.041547
2.97 -0.0414569
2.98 -0.041352
2.99 -0.0412325
3 -0.0410984
3.01 -0.0409498
3.02 -0.0407868
3.03 -0.0406094
3.04 -0.0404178
3.05 -0.0402121
3.06 -0.0399923
3.07 -0.0397586
3.08 -0.0395111
3.09 -0.0392498
3.1 -0.038975
3.11 -0.0386867
3.12 -0.0383851
3.13 -0.0380703
3.14 -0.0377425
3.15 -0.0374017
3.16 -0.0370482
3.17 -0.0366821
3.18 -0.0363036
3.19 -0.0359127
3.2 -0.0355097
3.21 -0.0350947
3.22 -0.034668
3.23 -0.0342296
3.24 -0.0337797
3.25 -0.0333186
3.26 -0.0328464
3.27 -0.0323633
3.28 -0.0318695
3.29 -0.0313651
3.3 -0.0308504
3.31 -0.0303256
3.32 -0.0297908
3.33 -0.0292463
3.34 -0.0286922
3.35 -0.0281288
3.36 -0.0275563
3.37 -0.0269749
3.38 -0.0263847
3.39 -0.0257861
3.4 -0.0251792
3.41 -0.0245642
3.42 -0.0239414
3.43 -0.0233109
3.44 -0.0226731
3.45 -0.022028
3.46 -0.021376
3.47 -0.0207173
3.48 -0.020052
3.49 -0.0193805
3.5 -0.0187029
3.51 -0.0180195
3.52 -0.0173304
3.53 -0.016636
3.54 -0.0159365
3.55 -0.015232
3.56 -0.0145229
3.57 -0.0138092
3.58 -0.0130914
3.59 -0.0123696
3.6 -0.011644
3.61 -0.0109148
3.62 -0.0101824
3.63 -0.00944689
3.64 -0.00870854
3.65 -0.00796756
3.66 -0.0072242
3.67 -0.00647869
3.68 -0.00573124
3.69 -0.00498209
3.7 -0.00423146
3.71 -0.00347958
3.72 -0.00272668
3.73 -0.00197297
3.74 -0.00121869
3.75 -0.000464049
3.76 0.000290727
3.77 0.00104542
3.78 0.00179981
3.79 0.00255367
3.8 0.0033068
3.81 0.00405898
3.82 0.00480999
3.83 0.00555963
3.84 0.00630767
3.85 0.00705392
3.86 0.00779816
3.87 0.0085402
3.88 0.00927981
3.89 0.0100168
3.9 0.010751
3.91 0.0114822
3.92 0.0122101
3.93 0.0129347
3.94 0.0136556
3.95 0.0143727
3.96 0.0150859
3.97 0.0157949
3.98 0.0164995
3.99 0.0171996
4 0.017895
4.01 0.0185854
4.02 0.0192708
4.03 0.0199509
4.04 0.0206257
4.05 0.0212948
4.06 0.0219581
4.07 0.0226155
4.08 0.0232669
4.09 0.0239119
4.1 0.0245506
4.11 0.0251827
4.12 0.0258081
4.13 0.0264266
4.14 0.027038
4.15 0.0276423
4.16 0.0282393
4.17 0.0288288
4.18 0.0294108
4.19 0.029985
4.2 0.0305513
4.21 0.0311096
4.22 0.0316598
4.23 0.0322018
4.24 0.0327354
4.25 0.0332604
4.26 0.0337769
4.27 0.0342846
4.28 0.0347835
4.29 0.0352734
4.3 0.0357542
4.31 0.0362259
4.32 0.0366883
4.33 0.0371413
4.34 0.0375849
4.35 0.0380188
4.36 0.0384432
4.37 0.0388577
4.38 0.0392625
4.39 0.0396573
4.4 0.0400421
4.41 0.0404168
4.42 0.0407814
4.43 0.0411357
4.44 0.0414797
4.45 0.0418134
4.46 0.0421366
4.47 0.0424493
4.48 0.0427515
4.49 0.043043
4.5 0.0433239
4.51 0.043594
4.52 0.0438534
4.53 0.0441019
4.54 0.0443396
4.55 0.0445664
4.56 0.0447822
4.57 0.0449871
4.58 0.0451809
4.59 0.0453637
4.6 0.0455354
4.61 0.045696
4.62 0.0458455
4.63 0.0459839
4.64 0.0461111
4.65 0.0462271
4.66 0.0463319
4.67 0.0464256
4.68 0.046508
4.69 0.0465792
4.7 0.0466392
4.71 0.046688
4.72 0.0467256
4.73 0.046752
4.74 0.0467672
4.75 0.0467712
4.76 0.046764
4.77 0.0467457
4.78 0.0467163
4.79 0.0466757
4.8 0.046624
4.81 0.0465613
4.82 0.0464875
4.83 0.0464027
4.84 0.0463069
4.85 0.0462002
4.86 0.0460826
4.87 0.0459541
4.88 0.0458148
4.89 0.0456647
4.9 0.0455038
4.91 0.0453323
4.92 0.0451502
4.93 0.0449574
4.94 0.0447542
4.95 0.0445404
4.96 0.0443163
4.97 0.0440818
4.98 0.0438371
4.99 0.0435821
5 0.043317
5.01 0.0430418
5.02 0.0427566
5.03 0.0424615
5.04 0.0421565
5.05 0.0418418
5.06 0.0415173
5.07 0.0411833
5.08 0.0408397
5.09 0.0404868
5.1 0.0401244
5.11 0.0397529
5.12 0.0393721
5.13 0.0389823
5.14 0.0385835
5.15 0.0381759
5.16 0.0377595
5.17 0.0373344
5.18 0.0369007
5.19 0.0364586
5.2 0.0360082
5.21 0.0355495
5.22 0.0350826
5.23 0.0346078
5.24 0.034125
5.25 0.0336345
5.26 0.0331363
5.27 0.0326305
5.28 0.0321173
5.29 0.0315968
5.3 0.031069
5.31 0.0305343
5.32 0.0299925
5.33 0.029444
5.34 0.0288888
5.35 0.028327
5.36 0.0277588
5.37 0.0271843
5.38 0.0266036
5.39 0.026017
5.4 0.0254244
5.41 0.0248261
5.42 0.0242222
5.43 0.0236128
5.44 0.022998
5.45 0.0223781
5.46 0.0217531
5.47 0.0211233
5.48 0.0204886
5.49 0.0198494
5.5 0.0192056
5.51 0.0185576
5.52 0.0179053
5.53 0.0172491
5.54 0.016589
5.55 0.0159251
5.56 0.0152577
5.57 0.0145868
5.58 0.0139127
5.59 0.0132354
5.6 0.0125552
5.61 0.0118721
5.62 0.0111864
5.63 0.0104982
5.64 0.00980764
5.65 0.00911488
5.66 0.00842008
5.67 0.0077234
5.68 0.00702499
5.69 0.00632501
5.7 0.00562362
5.71 0.00492096
5.72 0.00421721
5.73 0.00351252
5.74 0.00280705
5.75 0.00210094
5.76 0.00139437
5.77 0.000687491
5.78 -1.95441e-05
5.79 -0.000726575
5.8 -0.00143344
5.81 -0.00213999
5.82 -0.00284607
5.83 -0.00355151
5.84 -0.00425615
5.85 -0.00495986
5.86 -0.00566245
5.87 -0.00636379
5.88 -0.00706372
5.89 -0.00776207
5.9 -0.00845869
5.91 -0.00915344
5.92 -0.00984615
5.93 -0.0105367
5.94 -0.0112249
5.95 -0.0119106
5.96 -0.0125936
5.97 -0.0132739
5.98 -0.0139512
5.99 -0.0146254
6 -0.0152964
6.01 -0.0159639
6.02 -0.016628
6.03 -0.0172883
6.04 -0.0179448
6.05 -0.0185974
6.06 -0.0192458
6.07 -0.0198899
6.08 -0.0205297
6.09 -0.0211649
6.1 -0.0217954
6.11 -0.0224211
6.12 -0.0230418
6.13 -0.0236574
6.14 -0.0242678
6.15 -0.0248729
6.16 -0.0254724
6.17 -0.0260662
6.18 -0.0266544
6.19 -0.0272366
6.2 -0.0278128
6.21 -0.0283828
6.22 -0.0289466
6.23 -0.029504
6.24 -0.0300548
6.25 -0.030599
6.26 -0.0311365
6.27 -0.0316671
6.28 -0.0321906
6.29 -0.0327071
6.3 -0.0332163
6.31 -0.0337182
6.32 -0.0342127
6.33 -0.0346996
6.34 -0.0351788
6.35 -0.0356503
6.36 -0.0361139
6.37 -0.0365695
6.38 -0.0370171
6.39 -0.0374565
6.4 -0.0378876
6.41 -0.0383104
6.42 -0.0387247
6.43 -0.0391305
6.44 -0.0395276
6.45 -0.039916
6.46 -0.0402956
6.47 -0.0406664
6.48 -0.0410281
6.49 -0.0413808
6.5 -0.0417244
6.51 -0.0420588
6.52 -0.0423839
6.53 -0.0426997
6.54 -0.0430061
6.55 -0.0433029
6.56 -0.0435903
6.57 -0.043868
6.58 -0.044136
6.59 -0.0443944
6.6 -0.0446429
6.61 -0.0448816
6.62 -0.0451104
6.63 -0.0453293
6.64 -0.0455382
6.65 -0.045737
6.66 -0.0459258
6.67 -0.0461045
6.68 -0.046273
6.69 -0.0464313
6.7 -0.0465794
6.71 -0.0467172
6.72 -0.0468447
6.73 -0.0469619
6.74 -0.0470688
6.75 -0.0471653
6.76 -0.0472514
6.77 -0.0473271
6.78 -0.0473924
6.79 -0.0474472
6.8 -0.0474916
6.81 -0.0475256
6.82 -0.0475491
6.83 -0.0475621
6.84 -0.0475646
6.85 -0.0475566
6.86 -0.0475382
6.87 -0.0475094
6.88 -0.04747
6.89 -0.0474202
6.9 -0.04736
6.91 -0.0472893
6.92 -0.0472083
6.93 -0.0471168
6.94 -0.047015
6.95 -0.0469028
6.96 -0.0467803
6.97 -0.0466474
6.98 -0.0465044
6.99 -0.0463511
7 -0.0461875
7.01 -0.0460138
7.02 -0.04583
7.03 -0.0456361
7.04 -0.0454322
7.05 -0.0452182
7.06 -0.0449943
7.07 -0.0447605
7.08 -0.0445168
7.09 -0.0442634
7.1 -0.0440002
7.11 -0.0437273
7.12 -0.0434447
7.13 -0.0431527
7.14 -0.0428511
7.15 -0.0425401
7.16 -0.0422197
7.17 -0.04189
7.18 -0.0415511
7.19 -0.0412031
7.2 -0.040846
7.21 -0.0404799
7.22 -0.0401049
7.23 -0.039721
7.24 -0.0393284
7.25 -0.0389272
7.26 -0.0385174
7.27 -0.0380991
7.28 -0.0376724
7.29 -0.0372375
7.3 -0.0367943
7.31 -0.036343
7.32 -0.0358838
7.33 -0.0354166
7.34 -0.0349416
7.35 -0.034459
7.36 -0.0339688
7.37 -0.033471
7.38 -0.032966
7.39 -0.0324536
7.4 -0.0319341
7.41 -0.0314076
7.42 -0.0308742
7.43 -0.0303339
7.44 -0.029787
7.45 -0.0292336
7.46 -0.0286737
7.47 -0.0281074
7.48 -0.027535
7.49 -0.0269566
7.5 -0.0263722
7.51 -0.025782
7.52 -0.0251861
7.53 -0.0245846
7.54 -0.0239778
7.55 -0.0233657
7.56 -0.0227484
7.57 -0.0221261
7.58 -0.021499
7.59 -0.0208671
7.6 -0.0202306
7.61 -0.0195897
7.62 -0.0189444
7.63 -0.018295
7.64 -0.0176415
7.65 -0.0169842
7.66 -0.0163231
7.67 -0.0156584
7.68 -0.0149903
7.69 -0.0143189
7.7 -0.0136443
7.71 -0.0129667
7.72 -0.0122863
7.73 -0.0116032
7.74 -0.0109175
7.75 -0.0102294
7.76 -0.00953899
7.77 -0.00884653
7.78 -0.00815213
7.79 -0.00745592
7.8 -0.00675808
7.81 -0.00605874
7.82 -0.00535807
7.83 -0.00465622
7.84 -0.00395334
7.85 -0.0032496
7.86 -0.00254513
7.87 -0.00184011
7.88 -0.00113468
7.89 -0.000429001
7.9 0.000276773
7.91 0.000982486
7.92 0.00168798
7.93 0.00239311
7.94 0.0030977
7.95 0.00380162
7.96 0.0045047
7.97 0.00520678
7.98 0.00590772
7.99 0.00660735
8 0.00730553
8.01 0.0080021
8.02 0.0086969
8.03 0.00938979
8.04 0.0100806
8.05 0.0107692
8.06 0.0114554
8.07 0.0121391
8.08 0.0128201
8.09 0.0134983
8.1 0.0141736
8.11 0.0148457
8.12 0.0155145
8.13 0.0161799
8.14 0.0168417
8.15 0.0174999
8.16 0.0181541
8.17 0.0188044
8.18 0.0194505
8.19 0.0200923
8.2 0.0207297
8.21 0.0213626
8.22 0.0219907
8.23 0.0226139
8.24 0.0232322
8.25 0.0238454
8.26 0.0244533
8.27 0.0250558
8.28 0.0256528
8.29 0.0262441
8.3 0.0268297
8.31 0.0274093
8.32 0.0279829
8.33 0.0285503
8.34 0.0291114
8.35 0.0296661
8.36 0.0302142
8.37 0.0307557
8.38 0.0312904
8.39 0.0318182
8.4 0.032339
8.41 0.0328526
8.42 0.033359
8.43 0.033858
8.44 0.0343496
8.45 0.0348336
8.46 0.0353099
8.47 0.0357784
8.48 0.036239
8.49 0.0366917
8.5 0.0371362
8.51 0.0375725
8.52 0.0380006
8.53 0.0384203
8.54 0.0388314
8.55 0.0392341
8.56 0.039628
8.57 0.0400132
8.58 0.0403896
8.59 0.0407571
8.6 0.0411156
8.61 0.041465
8.62 0.0418052
8.63 0.0421363
8.64 0.042458
8.65 0.0427703
8.66 0.0430733
8.67 0.0433667
8.68 0.0436505
8.69 0.0439247
8.7 0.0441892
8.71 0.044444
8.72 0.0446889
8.73 0.044924
8.74 0.0451491
8.75 0.0453643
8.76 0.0455695
8.77 0.0457646
8.78 0.0459496
8.79 0.0461245
8.8 0.0462892
8.81 0.0464437
8.82 0.0465879
8.83 0.0467218
8.84 0.0468454
8.85 0.0469587
8.86 0.0470616
8.87 0.0471541
8.88 0.0472362
8.89 0.0473078
8.9 0.047369
8.91 0.0474198
8.92 0.0474601
8.93 0.0474899
8.94 0.0475092
8.95 0.047518
8.96 0.0475163
8.97 0.0475041
8.98 0.0474815
8.99 0.0474483
9 0.0474047
9.01 0.0473506
9.02 0.047286
9.03 0.047211
9.04 0.0471256
9.05 0.0470297
9.06 0.0469235
9.07 0.0468069
9.08 0.0466799
9.09 0.0465427
9.1 0.0463951
9.11 0.0462373
9.12 0.0460693
9.13 0.0458912
9.14 0.0457028
9.15 0.0455044
9.16 0.0452959
9.17 0.0450774
9.18 0.044849
9.19 0.0446106
9.2 0.0443624
9.21 0.0441044
9.22 0.0438366
9.23 0.0435592
9.24 0.0432721
9.25 0.0429755
9.26 0.0426693
9.27 0.0423538
9.28 0.0420288
9.29 0.0416946
9.3 0.0413512
9.31 0.0409986
9.32 0.040637
9.33 0.0402664
9.34 0.0398868
9.35 0.0394985
9.36 0.0391014
9.37 0.0386957
9.38 0.0382815
9.39 0.0378587
9.4 0.0374276
9.41 0.0369883
9.42 0.0365407
9.43 0.0360851
9.44 0.0356215
9.45 0.03515
9.46 0.0346708
9.47 0.0341838
9.48 0.0336894
9.49 0.0331875
9.5 0.0326782
9.51 0.0321617
9.52 0.0316381
9.53 0.0311075
9.54 0.03057
9.55 0.0300258
9.56 0.0294749
9.57 0.0289175
9.58 0.0283538
9.59 0.0277837
9.6 0.0272075
9.61 0.0266253
9.62 0.0260372
9.63 0.0254433
9.64 0.0248438
9.65 0.0242388
9.66 0.0236285
9.67 0.0230129
9.68 0.0223922
9.69 0.0217666
9.7 0.0211362
9.71 0.0205011
9.72 0.0198614
9.73 0.0192174
9.74 0.0185691
9.75 0.0179167
9.76 0.0172604
9.77 0.0166002
9.78 0.0159363
9.79 0.015269
9.8 0.0145982
9.81 0.0139242
9.82 0.0132472
9.83 0.0125672
9.84 0.0118844
9.85 0.011199
9.86 0.0105111
9.87 0.00982089
9.88 0.0091285
9.89 0.0084341
9.9 0.00773783
9.91 0.00703985
9.92 0.00634032
9.93 0.00563938
9.94 0.00493719
9.95 0.00423391
9.96 0.00352969
9.97 0.00282469
9.98 0.00211906
9.99 0.00141297
10 0.000706563
