0.01 -0.000789461
0.02 -0.00157859
0.03 -0.00236706
0.04 -0.00315453
0.05 -0.00394068
0.06 -0.00472517
0.07 -0.00550768
0.08 -0.00628788
0.09 -0.00706544
0.1 -0.00784003
0.11 -0.00861134
0.12 -0.00937903
0.13 -0.0101428
0.14 -0.0109023
0.15 -0.0116572
0.16 -0.0124073
0.17 -0.0131521
0.18 -0.0138914
0.19 -0.0146249
0.2 -0.0153523
0.21 -0.0160732
0.22 -0.0167874
0.23 -0.0174945
0.24 -0.0181943
0.25 -0.0188865
0.26 -0.0195708
0.27 -0.0202469
0.28 -0.0209145
0.29 -0.0215733
0.3 -0.0222231
0.31 -0.0228636
0.32 -0.0234945
0.33 -0.0241156
0.34 -0.0247265
0.35 -0.0253272
0.36 -0.0259172
0.37 -0.0264964
0.38 -0.0270645
0.39 -0.0276212
0.4 -0.0281664
0.41 -0.0286999
0.42 -0.0292213
0.43 -0.0297305
0.44 -0.0302273
0.45 -0.0307114
0.46 -0.0311827
0.47 -0.031641
0.48 -0.032086
0.49 -0.0325176
0.5 -0.0329357
0.51 -0.03334
0.52 -0.0337303
0.53 -0.0341066
0.54 -0.0344686
0.55 -0.0348163
0.56 -0.0351494
0.57 -0.0354678
0.58 -0.0357715
0.59 -0.0360602
0.6 -0.0363339
0.61 -0.0365924
0.62 -0.0368357
0.63 -0.0370636
0.64 -0.037276
0.65 -0.037473
0.66 -0.0376543
0.67 -0.0378199
0.68 -0.0379698
0.69 -0.0381038
0.7 -0.038222
0.71 -0.0383243
0.72 -0.0384107
0.73 -0.038481
0.74 -0.0385354
0.75 -0.0385737
0.76 -0.038596
0.77 -0.0386022
0.78 -0.0385924
0.79 -0.0385665
0.8 -0.0385247
0.81 -0.0384668
0.82 -0.0383929
0.83 -0.0383031
0.84 -0.0381975
0.85 -0.0380759
0.86 -0.0379386
0.87 -0.0377855
0.88 -0.0376168
0.89 -0.0374324
0.9 -0.0372326
0.91 -0.0370173
0.92 -0.0367867
0.93 -0.0365409
0.94 -0.0362799
0.95 -0.0360039
0.96 -0.035713
0.97 -0.0354074
0.98 -0.0350871
0.99 -0.0347523
1 -0.0344031
1.01 -0.0340398
1.02 -0.0336623
1.03 -0.033271
1.04 -0.0328659
1.05 -0.0324473
1.06 -0.0320153
1.07 -0.0315701
1.08 -0.0311119
1.09 -0.0306408
1.1 -0.0301572
1.11 -0.0296611
1.12 -0.0291528
1.13 -0.0286325
1.14 -0.0281005
1.15 -0.0275568
1.16 -0.0270019
1.17 -0.0264359
1.18 -0.025859
1.19 -0.0252715
1.2 -0.0246736
1.21 -0.0240656
1.22 -0.0234477
1.23 -0.0228203
1.24 -0.0221834
1.25 -0.0215375
1.26 -0.0208828
1.27 -0.0202195
1.28 -0.019548
1.29 -0.0188685
1.3 -0.0181812
1.31 -0.0174866
1.32 -0.0167848
1.33 -0.0160761
1.34 -0.0153609
1.35 -0.0146395
1.36 -0.013912
1.37 -0.0131789
1.38 -0.0124405
1.39 -0.011697
1.4 -0.0109487
1.41 -0.010196
1.42 -0.0094391
1.43 -0.0086784
1.44 -0.00791419
1.45 -0.00714677
1.46 -0.00637645
1.47 -0.00560354
1.48 -0.00482837
1.49 -0.00405125
1.5 -0.00327249
1.51 -0.00249241
1.52 -0.00171132
1.53 -0.00092954
1.54 -0.000147386
1.55 0.000634827
1.56 0.00141679
1.57 0.00219817
1.58 0.00297868
1.59 0.00375798
1.6 0.00453578
1.61 0.00531176
1.62 0.0060856
1.63 0.00685701
1.64 0.00762567
1.65 0.00839128
1.66 0.00915354
1.67 0.00991214
1.68 0.0106668
1.69 0.0114172
1.7 0.012163
1.71 0.012904
1.72 0.0136398
1.73 0.0143703
1.74 0.015095
1.75 0.0158137
1.76 0.0165262
1.77 0.0172321
1.78 0.0179311
1.79 0.0186231
1.8 0.0193077
1.81 0.0199847
1.82 0.0206538
1.83 0.0213148
1.84 0.0219674
1.85 0.0226113
1.86 0.0232464
1.87 0.0238723
1.88 0.0244888
1.89 0.0250958
1.9 0.0256929
1.91 0.02628
1.92 0.0268568
1.93 0.0274231
1.94 0.0279788
1.95 0.0285235
1.96 0.0290571
1.97 0.0295795
1.98 0.0300904
1.99 0.0305896
2 0.0310769
2.01 0.0315522
2.02 0.0320154
2.03 0.0324662
2.04 0.0329044
2.05 0.03333
2.06 0.0337428
2.07 0.0341426
2.08 0.0345293
2.09 0.0349028
2.1 0.035263
2.11 0.0356097
2.12 0.0359427
2.13 0.0362621
2.14 0.0365677
2.15 0.0368594
2.16 0.0371371
2.17 0.0374007
2.18 0.0376502
2.19 0.0378854
2.2 0.0381063
2.21 0.0383129
2.22 0.038505
2.23 0.0386827
2.24 0.0388459
2.25 0.0389945
2.26 0.0391286
2.27 0.039248
2.28 0.0393528
2.29 0.0394429
2.3 0.0395184
2.31 0.0395792
2.32 0.0396253
2.33 0.0396568
2.34 0.0396736
2.35 0.0396759
2.36 0.0396635
2.37 0.0396365
2.38 0.039595
2.39 0.0395391
2.4 0.0394686
2.41 0.0393838
2.42 0.0392846
2.43 0.0391711
2.44 0.0390435
2.45 0.0389017
2.46 0.0387458
2.47 0.0385759
2.48 0.0383922
2.49 0.0381947
2.5 0.0379834
2.51 0.0377586
2.52 0.0375203
2.53 0.0372686
2.54 0.0370036
2.55 0.0367255
2.56 0.0364344
2.57 0.0361304
2.58 0.0358136
2.59 0.0354842
2.6 0.0351424
2.61 0.0347882
2.62 0.0344219
2.63 0.0340435
2.64 0.0336533
2.65 0.0332514
2.66 0.0328379
2.67 0.0324131
2.68 0.0319771
2.69 0.0315301
2.7 0.0310723
2.71 0.0306037
2.72 0.0301248
2.73 0.0296355
2.74 0.0291362
2.75 0.0286269
2.76 0.028108
2.77 0.0275795
2.78 0.0270418
2.79 0.026495
2.8 0.0259392
2.81 0.0253748
2.82 0.0248019
2.83 0.0242208
2.84 0.0236316
2.85 0.0230346
2.86 0.02243
2.87 0.021818
2.88 0.0211988
2.89 0.0205727
2.9 0.0199398
2.91 0.0193004
2.92 0.0186548
2.93 0.0180031
2.94 0.0173456
2.95 0.0166825
2.96 0.016014
2.97 0.0153404
2.98 0.0146619
2.99 0.0139787
3 0.0132911
3.01 0.0125992
3.02 0.0119034
3.03 0.0112038
3.04 0.0105006
3.05 0.00979422
3.06 0.00908474
3.07 0.00837243
3.08 0.00765752
3.09 0.00694023
3.1 0.0062208
3.11 0.00549945
3.12 0.00477641
3.13 0.00405191
3.14 0.00332617
3.15 0.00259942
3.16 0.00187188
3.17 0.00114377
3.18 0.000415321
3.19 -0.000313256
3.2 -0.00104174
3.21 -0.00176991
3.22 -0.00249756
3.23 -0.00322446
3.24 -0.0039504
3.25 -0.00467518
3.26 -0.00539859
3.27 -0.00612041
3.28 -0.00684044
3.29 -0.00755847
3.3 -0.00827431
3.31 -0.00898775
3.32 -0.00969859
3.33 -0.0104066
3.34 -0.0111117
3.35 -0.0118136
3.36 -0.0125121
3.37 -0.013207
3.38 -0.0138983
3.39 -0.0145855
3.4 -0.0152687
3.41 -0.0159476
3.42 -0.016622
3.43 -0.0172918
3.44 -0.0179568
3.45 -0.0186168
3.46 -0.0192717
3.47 -0.0199212
3.48 -0.0205653
3.49 -0.0212037
3.5 -0.0218364
3.51 -0.0224632
3.52 -0.0230838
3.53 -0.0236982
3.54 -0.0243062
3.55 -0.0249078
3.56 -0.0255026
3.57 -0.0260906
3.58 -0.0266717
3.59 -0.0272458
3.6 -0.0278126
3.61 -0.0283721
3.62 -0.0289242
3.63 -0.0294687
3.64 -0.0300055
3.65 -0.0305345
3.66 -0.0310556
3.67 -0.0315687
3.68 -0.0320737
3.69 -0.0325704
3.7 -0.0330588
3.71 -0.0335387
3.72 -0.0340102
3.73 -0.034473
3.74 -0.0349271
3.75 -0.0353724
3.76 -0.0358088
3.77 -0.0362362
3.78 -0.0366546
3.79 -0.0370639
3.8 -0.037464
3.81 -0.0378548
3.82 -0.0382363
3.83 -0.0386084
3.84 -0.038971
3.85 -0.0393242
3.86 -0.0396677
3.87 -0.0400016
3.88 -0.0403258
3.89 -0.0406403
3.9 -0.040945
3.91 -0.0412399
3.92 -0.0415249
3.93 -0.0418
3.94 -0.0420651
3.95 -0.0423203
3.96 -0.0425655
3.97 -0.0428006
3.98 -0.0430257
3.99 -0.0432407
4 -0.0434456
4.01 -0.0436403
4.02 -0.0438249
4.03 -0.0439994
4.04 -0.0441636
4.05 -0.0443177
4.06 -0.0444616
4.07 -0.0445953
4.08 -0.0447188
4.09 -0.0448321
4.1 -0.0449352
4.11 -0.0450281
4.12 -0.0451108
4.13 -0.0451834
4.14 -0.0452457
4.15 -0.045298
4.16 -0.04534
4.17 -0.045372
4.18 -0.0453938
4.19 -0.0454056
4.2 -0.0454073
4.21 -0.0453989
4.22 -0.0453805
4.23 -0.0453522
4.24 -0.0453139
4.25 -0.0452657
4.26 -0.0452076
4.27 -0.0451396
4.28 -0.0450618
4.29 -0.0449743
4.3 -0.044877
4.31 -0.0447701
4.32 -0.0446535
4.33 -0.0445273
4.34 -0.0443916
4.35 -0.0442463
4.36 -0.0440917
4.37 -0.0439276
4.38 -0.0437542
4.39 -0.0435715
4.4 -0.0433797
4.41 -0.0431786
4.42 -0.0429685
4.43 -0.0427493
4.44 -0.0425212
4.45 -0.0422841
4.46 -0.0420382
4.47 -0.0417836
4.48 -0.0415203
4.49 -0.0412483
4.5 -0.0409678
4.51 -0.0406788
4.52 -0.0403815
4.53 -0.0400758
4.54 -0.0397619
4.55 -0.0394398
4.56 -0.0391096
4.57 -0.0387714
4.58 -0.0384253
4.59 -0.0380714
4.6 -0.0377098
4.61 -0.0373405
4.62 -0.0369636
4.63 -0.0365792
4.64 -0.0361875
4.65 -0.0357884
4.66 -0.0353822
4.67 -0.0349688
4.68 -0.0345485
4.69 -0.0341212
4.7 -0.0336871
4.71 -0.0332463
4.72 -0.0327988
4.73 -0.0323448
4.74 -0.0318844
4.75 -0.0314177
4.76 -0.0309447
4.77 -0.0304656
4.78 -0.0299805
4.79 -0.0294895
4.8 -0.0289927
4.81 -0.0284902
4.82 -0.0279821
4.83 -0.0274685
4.84 -0.0269496
4.85 -0.0264253
4.86 -0.0258959
4.87 -0.0253615
4.88 -0.0248221
4.89 -0.0242779
4.9 -0.023729
4.91 -0.0231754
4.92 -0.0226174
4.93 -0.022055
4.94 -0.0214884
4.95 -0.0209176
4.96 -0.0203428
4.97 -0.019764
4.98 -0.0191815
4.99 -0.0185952
5 -0.0180054
5.01 -0.0174122
5.02 -0.0168156
5.03 -0.0162158
5.04 -0.0156129
5.05 -0.0150071
5.06 -0.0143983
5.07 -0.0137869
5.08 -0.0131728
5.09 -0.0125562
5.1 -0.0119372
5.11 -0.011316
5.12 -0.0106926
5.13 -0.0100672
5.14 -0.0094399
5.15 -0.00881081
5.16 -0.00818006
5.17 -0.00754777
5.18 -0.00691406
5.19 -0.00627905
5.2 -0.00564286
5.21 -0.00500561
5.22 -0.00436742
5.23 -0.00372841
5.24 -0.0030887
5.25 -0.00244842
5.26 -0.00180768
5.27 -0.0011666
5.28 -0.000525299
5.29 0.000116096
5.3 0.00075747
5.31 0.0013987
5.32 0.00203968
5.33 0.00268027
5.34 0.00332036
5.35 0.00395984
5.36 0.00459859
5.37 0.00523648
5.38 0.0058734
5.39 0.00650924
5.4 0.00714387
5.41 0.00777718
5.42 0.00840906
5.43 0.00903938
5.44 0.00966804
5.45 0.0102949
5.46 0.0109199
5.47 0.0115429
5.48 0.0121637
5.49 0.0127823
5.5 0.0133986
5.51 0.0140124
5.52 0.0146236
5.53 0.0152322
5.54 0.0158379
5.55 0.0164408
5.56 0.0170406
5.57 0.0176373
5.58 0.0182308
5.59 0.018821
5.6 0.0194077
5.61 0.0199909
5.62 0.0205705
5.63 0.0211463
5.64 0.0217182
5.65 0.0222862
5.66 0.0228501
5.67 0.0234099
5.68 0.0239654
5.69 0.0245165
5.7 0.0250632
5.71 0.0256053
5.72 0.0261428
5.73 0.0266756
5.74 0.0272035
5.75 0.0277264
5.76 0.0282444
5.77 0.0287572
5.78 0.0292648
5.79 0.0297671
5.8 0.0302641
5.81 0.0307555
5.82 0.0312414
5.83 0.0317217
5.84 0.0321962
5.85 0.0326649
5.86 0.0331277
5.87 0.0335846
5.88 0.0340353
5.89 0.03448
5.9 0.0349184
5.91 0.0353505
5.92 0.0357763
5.93 0.0361956
5.94 0.0366084
5.95 0.0370146
5.96 0.0374142
5.97 0.037807
5.98 0.038193
5.99 0.0385722
6 0.0389444
6.01 0.0393096
6.02 0.0396678
6.03 0.0400189
6.04 0.0403628
6.05 0.0406994
6.06 0.0410287
6.07 0.0413507
6.08 0.0416653
6.09 0.0419724
6.1 0.042272
6.11 0.042564
6.12 0.0428484
6.13 0.0431251
6.14 0.0433941
6.15 0.0436553
6.16 0.0439087
6.17 0.0441543
6.18 0.044392
6.19 0.0446217
6.2 0.0448435
6.21 0.0450573
6.22 0.045263
6.23 0.0454606
6.24 0.0456501
6.25 0.0458315
6.26 0.0460047
6.27 0.0461696
6.28 0.0463264
6.29 0.0464748
6.3 0.046615
6.31 0.0467469
6.32 0.0468704
6.33 0.0469856
6.34 0.0470924
6.35 0.0471909
6.36 0.0472809
6.37 0.0473625
6.38 0.0474357
6.39 0.0475004
6.4 0.0475566
6.41 0.0476044
6.42 0.0476438
6.43 0.0476746
6.44 0.047697
6.45 0.0477109
6.46 0.0477163
6.47 0.0477133
6.48 0.0477017
6.49 0.0476817
6.5 0.0476532
6.51 0.0476162
6.52 0.0475708
6.53 0.0475169
6.54 0.0474546
6.55 0.0473838
6.56 0.0473047
6.57 0.0472171
6.58 0.0471212
6.59 0.0470169
6.6 0.0469042
6.61 0.0467833
6.62 0.046654
6.63 0.0465165
6.64 0.0463707
6.65 0.0462166
6.66 0.0460544
6.67 0.0458841
6.68 0.0457055
6.69 0.0455189
6.7 0.0453242
6.71 0.0451215
6.72 0.0449108
6.73 0.0446922
6.74 0.0444656
6.75 0.0442311
6.76 0.0439888
6.77 0.0437387
6.78 0.0434809
6.79 0.0432154
6.8 0.0429422
6.81 0.0426614
6.82 0.0423731
6.83 0.0420772
6.84 0.0417739
6.85 0.0414633
6.86 0.0411452
6.87 0.0408199
6.88 0.0404874
6.89 0.0401477
6.9 0.039801
6.91 0.0394471
6.92 0.0390863
6.93 0.0387186
6.94 0.0383441
6.95 0.0379627
6.96 0.0375747
6.97 0.03718
6.98 0.0367787
6.99 0.0363709
7 0.0359567
7.01 0.0355362
7.02 0.0351093
7.03 0.0346763
7.04 0.0342371
7.05 0.0337919
7.06 0.0333407
7.07 0.0328837
7.08 0.0324208
7.09 0.0319521
7.1 0.0314779
7.11 0.0309981
7.12 0.0305128
7.13 0.0300221
7.14 0.0295261
7.15 0.0290249
7.16 0.0285186
7.17 0.0280072
7.18 0.0274909
7.19 0.0269698
7.2 0.0264438
7.21 0.0259133
7.22 0.0253781
7.23 0.0248385
7.24 0.0242944
7.25 0.0237461
7.26 0.0231936
7.27 0.022637
7.28 0.0220764
7.29 0.0215119
7.3 0.0209437
7.31 0.0203717
7.32 0.0197961
7.33 0.019217
7.34 0.0186346
7.35 0.0180488
7.36 0.0174599
7.37 0.0168679
7.38 0.0162729
7.39 0.0156751
7.4 0.0150745
7.41 0.0144712
7.42 0.0138654
7.43 0.0132571
7.44 0.0126465
7.45 0.0120336
7.46 0.0114187
7.47 0.0108017
7.48 0.0101828
7.49 0.00956214
7.5 0.00893978
7.51 0.00831584
7.52 0.00769043
7.53 0.00706367
7.54 0.00643567
7.55 0.00580653
7.56 0.00517636
7.57 0.00454529
7.58 0.00391341
7.59 0.00328085
7.6 0.0026477
7.61 0.00201409
7.62 0.00138012
7.63 0.000745912
7.64 0.000111571
7.65 -0.00052279
7.66 -0.00115706
7.67 -0.00179112
7.68 -0.00242487
7.69 -0.0030582
7.7 -0.00369098
7.71 -0.00432311
7.72 -0.00495448
7.73 -0.00558498
7.74 -0.0062145
7.75 -0.00684291
7.76 -0.00747013
7.77 -0.00809603
7.78 -0.0087205
7.79 -0.00934343
7.8 -0.00996472
7.81 -0.0105843
7.82 -0.0112019
7.83 -0.0118176
7.84 -0.0124312
7.85 -0.0130427
7.86 -0.0136518
7.87 -0.0142585
7.88 -0.0148627
7.89 -0.0154643
7.9 -0.0160632
7.91 -0.0166592
7.92 -0.0172523
7.93 -0.0178424
7.94 -0.0184293
7.95 -0.019013
7.96 -0.0195933
7.97 -0.0201702
7.98 -0.0207435
7.99 -0.0213132
8 -0.0218791
8.01 -0.0224412
8.02 -0.0229993
8.03 -0.0235534
8.04 -0.0241033
8.05 -0.024649
8.06 -0.0251903
8.07 -0.0257272
8.08 -0.0262596
8.09 -0.0267874
8.1 -0.0273104
8.11 -0.0278286
8.12 -0.0283419
8.13 -0.0288503
8.14 -0.0293535
8.15 -0.0298516
8.16 -0.0303444
8.17 -0.0308319
8.18 -0.031314
8.19 -0.0317905
8.2 -0.0322615
8.21 -0.0327268
8.22 -0.0331863
8.23 -0.0336399
8.24 -0.0340877
8.25 -0.0345294
8.26 -0.0349651
8.27 -0.0353946
8.28 -0.0358179
8.29 -0.0362349
8.3 -0.0366455
8.31 -0.0370496
8.32 -0.0374472
8.33 -0.0378383
8.34 -0.0382227
8.35 -0.0386003
8.36 -0.0389712
8.37 -0.0393352
8.38 -0.0396922
8.39 -0.0400423
8.4 -0.0403853
8.41 -0.0407213
8.42 -0.04105
8.43 -0.0413716
8.44 -0.0416858
8.45 -0.0419927
8.46 -0.0422923
8.47 -0.0425843
8.48 -0.0428689
8.49 -0.043146
8.5 -0.0434154
8.51 -0.0436772
8.52 -0.0439313
8.53 -0.0441777
8.54 -0.0444164
8.55 -0.0446472
8.56 -0.0448701
8.57 -0.0450851
8.58 -0.0452923
8.59 -0.0454914
8.6 -0.0456825
8.61 -0.0458656
8.62 -0.0460406
8.63 -0.0462076
8.64 -0.0463664
8.65 -0.046517
8.66 -0.0466594
8.67 -0.0467937
8.68 -0.0469197
8.69 -0.0470374
8.7 -0.0471469
8.71 -0.047248
8.72 -0.0473409
8.73 -0.0474254
8.74 -0.0475016
8.75 -0.0475694
8.76 -0.0476289
8.77 -0.0476799
8.78 -0.0477226
8.79 -0.0477569
8.8 -0.0477828
8.81 -0.0478002
8.82 -0.0478093
8.83 -0.0478099
8.84 -0.0478022
8.85 -0.047786
8.86 -0.0477614
8.87 -0.0477284
8.88 -0.047687
8.89 -0.0476373
8.9 -0.0475791
8.91 -0.0475126
8.92 -0.0474377
8.93 -0.0473544
8.94 -0.0472629
8.95 -0.047163
8.96 -0.0470548
8.97 -0.0469383
8.98 -0.0468136
8.99 -0.0466807
9 -0.0465395
9.01 -0.0463901
9.02 -0.0462326
9.03 -0.0460669
9.04 -0.0458932
9.05 -0.0457113
9.06 -0.0455215
9.07 -0.0453236
9.08 -0.0451177
9.09 -0.0449039
9.1 -0.0446822
9.11 -0.0444526
9.12 -0.0442153
9.13 -0.0439701
9.14 -0.0437172
9.15 -0.0434566
9.16 -0.0431884
9.17 -0.0429125
9.18 -0.0426291
9.19 -0.0423383
9.2 -0.0420399
9.21 -0.0417342
9.22 -0.0414211
9.23 -0.0411008
9.24 -0.0407732
9.25 -0.0404384
9.26 -0.0400965
9.27 -0.0397476
9.28 -0.0393917
9.29 -0.0390288
9.3 -0.0386591
9.31 -0.0382826
9.32 -0.0378993
9.33 -0.0375094
9.34 -0.0371129
9.35 -0.0367098
9.36 -0.0363003
9.37 -0.0358844
9.38 -0.0354622
9.39 -0.0350337
9.4 -0.0345991
9.41 -0.0341584
9.42 -0.0337117
9.43 -0.0332591
9.44 -0.0328006
9.45 -0.0323363
9.46 -0.0318663
9.47 -0.0313908
9.48 -0.0309097
9.49 -0.0304232
9.5 -0.0299313
9.51 -0.0294342
9.52 -0.0289319
9.53 -0.0284245
9.54 -0.0279121
9.55 -0.0273947
9.56 -0.0268726
9.57 -0.0263457
9.58 -0.0258142
9.59 -0.0252782
9.6 -0.0247377
9.61 -0.0241929
9.62 -0.0236438
9.63 -0.0230905
9.64 -0.0225332
9.65 -0.0219719
9.66 -0.0214068
9.67 -0.0208379
9.68 -0.0202653
9.69 -0.0196892
9.7 -0.0191096
9.71 -0.0185266
9.72 -0.0179404
9.73 -0.017351
9.74 -0.0167586
9.75 -0.0161632
9.76 -0.015565
9.77 -0.014964
9.78 -0.0143604
9.79 -0.0137543
9.8 -0.0131457
9.81 -0.0125349
9.82 -0.0119218
9.83 -0.0113067
9.84 -0.0106895
9.85 -0.0100705
9.86 -0.00944971
9.87 -0.00882725
9.88 -0.00820323
9.89 -0.00757778
9.9 -0.00695099
9.91 -0.00632298
9.92 -0.00569386
9.93 -0.00506373
9.94 -0.00443271
9.95 -0.00380092
9.96 -0.00316845
9.97 -0.00253543
9.98 -0.00190196
9.99 -0.00126816
10 -0.000634137
