0.01 1.13895
0.02 1.13872
0.03 1.13834
0.04 1.1378
0.05 1.1371
0.06 1.13625
0.07 1.13525
0.08 1.1341
0.09 1.13279
0.1 1.13133
0.11 1.12972
0.12 1.12795
0.13 1.12604
0.14 1.12397
0.15 1.12175
0.16 1.11939
0.17 1.11687
0.18 1.1142
0.19 1.11139
0.2 1.10843
0.21 1.10533
0.22 1.10207
0.23 1.09868
0.24 1.09513
0.25 1.09145
0.26 1.08762
0.27 1.08365
0.28 1.07954
0.29 1.0753
0.3 1.07091
0.31 1.06639
0.32 1.06173
0.33 1.05693
0.34 1.052
0.35 1.04694
0.36 1.04175
0.37 1.03643
0.38 1.03098
0.39 1.0254
0.4 1.01969
0.41 1.01386
0.42 1.00791
0.43 1.00184
0.44 0.995642
0.45 0.989329
0.46 0.982898
0.47 0.976352
0.48 0.969691
0.49 0.962918
0.5 0.956034
0.51 0.949041
0.52 0.941941
0.53 0.934735
0.54 0.927424
0.55 0.920012
0.56 0.912498
0.57 0.904887
0.58 0.897178
0.59 0.889374
0.6 0.881477
0.61 0.873489
0.62 0.865411
0.63 0.857246
0.64 0.848995
0.65 0.840661
0.66 0.832245
0.67 0.823749
0.68 0.815176
0.69 0.806528
0.7 0.797805
0.71 0.789012
0.72 0.780149
0.73 0.771218
0.74 0.762222
0.75 0.753163
0.76 0.744043
0.77 0.734865
0.78 0.725629
0.79 0.716338
0.8 0.706996
0.81 0.697602
0.82 0.688161
0.83 0.678674
0.84 0.669142
0.85 0.659569
0.86 0.649957
0.87 0.640307
0.88 0.630623
0.89 0.620905
0.9 0.611157
0.91 0.60138
0.92 0.591577
0.93 0.581749
0.94 0.5719
0.95 0.562032
0.96 0.552145
0.97 0.542244
0.98 0.532329
0.99 0.522404
1 0.51247
1.01 0.502529
1.02 0.492584
1.03 0.482637
1.04 0.472689
1.05 0.462744
1.06 0.452803
1.07 0.442869
1.08 0.432943
1.09 0.423028
1.1 0.413126
1.11 0.403239
1.12 0.393368
1.13 0.383517
1.14 0.373687
1.15 0.36388
1.16 0.354099
1.17 0.344344
1.18 0.334619
1.19 0.324926
1.2 0.315265
1.21 0.30564
1.22 0.296052
1.23 0.286503
1.24 0.276995
1.25 0.26753
1.26 0.25811
1.27 0.248737
1.28 0.239412
1.29 0.230137
1.3 0.220915
1.31 0.211746
1.32 0.202633
1.33 0.193578
1.34 0.184581
1.35 0.175646
1.36 0.166772
1.37 0.157963
1.38 0.14922
1.39 0.140544
1.4 0.131936
1.41 0.1234
1.42 0.114935
1.43 0.106543
1.44 0.0982264
1.45 0.089986
1.46 0.0818234
1.47 0.0737398
1.48 0.0657366
1.49 0.0578153
1.5 0.049977
1.51 0.042223
1.52 0.0345546
1.53 0.026973
1.54 0.0194794
1.55 0.0120748
1.56 0.00476053
1.57 -0.00246244
1.58 -0.00959303
1.59 -0.0166302
1.6 -0.023573
1.61 -0.0304203
1.62 -0.0371714
1.63 -0.0438252
1.64 -0.0503809
1.65 -0.0568377
1.66 -0.0631947
1.67 -0.0694512
1.68 -0.0756064
1.69 -0.0816596
1.7 -0.0876101
1.71 -0.0934573
1.72 -0.0992006
1.73 -0.104839
1.74 -0.110373
1.75 -0.115801
1.76 -0.121123
1.77 -0.126338
1.78 -0.131446
1.79 -0.136447
1.8 -0.14134
1.81 -0.146125
1.82 -0.150802
1.83 -0.15537
1.84 -0.159829
1.85 -0.16418
1.86 -0.168421
1.87 -0.172552
1.88 -0.176574
1.89 -0.180486
1.9 -0.184289
1.91 -0.187982
1.92 -0.191566
1.93 -0.19504
1.94 -0.198405
1.95 -0.20166
1.96 -0.204806
1.97 -0.207843
1.98 -0.210771
1.99 -0.21359
2 -0.216302
2.01 -0.218905
2.02 -0.2214
2.03 -0.223788
2.04 -0.226068
2.05 -0.228243
2.06 -0.230311
2.07 -0.232273
2.08 -0.23413
2.09 -0.235882
2.1 -0.23753
2.11 -0.239074
2.12 -0.240515
2.13 -0.241854
2.14 -0.243091
2.15 -0.244227
2.16 -0.245262
2.17 -0.246198
2.18 -0.247034
2.19 -0.247772
2.2 -0.248413
2.21 -0.248957
2.22 -0.249405
2.23 -0.249758
2.24 -0.250017
2.25 -0.250183
2.26 -0.250257
2.27 -0.250239
2.28 -0.25013
2.29 -0.249932
2.3 -0.249645
2.31 -0.249271
2.32 -0.248811
2.33 -0.248265
2.34 -0.247634
2.35 -0.24692
2.36 -0.246124
2.37 -0.245246
2.38 -0.244289
2.39 -0.243253
2.4 -0.242138
2.41 -0.240947
2.42 -0.239681
2.43 -0.23834
2.44 -0.236926
2.45 -0.235441
2.46 -0.233884
2.47 -0.232258
2.48 -0.230564
2.49 -0.228802
2.5 -0.226975
2.51 -0.225084
2.52 -0.223129
2.53 -0.221112
2.54 -0.219034
2.55 -0.216897
2.56 -0.214702
2.57 -0.21245
2.58 -0.210142
2.59 -0.20778
2.6 -0.205365
2.61 -0.202898
2.62 -0.200382
2.63 -0.197816
2.64 -0.195202
2.65 -0.192542
2.66 -0.189836
2.67 -0.187087
2.68 -0.184296
2.69 -0.181463
2.7 -0.178591
2.71 -0.17568
2.72 -0.172732
2.73 -0.169748
2.74 -0.166729
2.75 -0.163677
2.76 -0.160593
2.77 -0.157478
2.78 -0.154334
2.79 -0.151162
2.8 -0.147963
2.81 -0.144738
2.82 -0.141489
2.83 -0.138217
2.84 -0.134924
2.85 -0.131609
2.86 -0.128276
2.87 -0.124924
2.88 -0.121556
2.89 -0.118171
2.9 -0.114773
2.91 -0.111361
2.92 -0.107937
2.93 -0.104503
2.94 -0.101058
2.95 -0.0976054
2.96 -0.0941452
2.97 -0.0906787
2.98 -0.0872071
2.99 -0.0837316
3 -0.0802531
3.01 -0.0767729
3.02 -0.0732919
3.03 -0.0698113
3.04 -0.066332
3.05 -0.0628553
3.06 -0.059382
3.07 -0.0559132
3.08 -0.0524499
3.09 -0.0489931
3.1 -0.0455438
3.11 -0.0421029
3.12 -0.0386714
3.13 -0.0352502
3.14 -0.0318403
3.15 -0.0284425
3.16 -0.0250577
3.17 -0.0216868
3.18 -0.0183308
3.19 -0.0149904
3.2 -0.0116664
3.21 -0.00835971
3.22 -0.00507113
3.23 -0.00180144
3.24 0.0014486
3.25 0.00467822
3.26 0.00788667
3.27 0.0110732
3.28 0.0142372
3.29 0.0173778
3.3 0.0204944
3.31 0.0235864
3.32 0.026653
3.33 0.0296937
3.34 0.0327078
3.35 0.0356947
3.36 0.0386538
3.37 0.0415846
3.38 0.0444864
3.39 0.0473587
3.4 0.050201
3.41 0.0530128
3.42 0.0557935
3.43 0.0585427
3.44 0.0612599
3.45 0.0639446
3.46 0.0665965
3.47 0.0692149
3.48 0.0717996
3.49 0.0743502
3.5 0.0768662
3.51 0.0793472
3.52 0.081793
3.53 0.0842032
3.54 0.0865774
3.55 0.0889153
3.56 0.0912166
3.57 0.093481
3.58 0.0957083
3.59 0.0978981
3.6 0.10005
3.61 0.102165
3.62 0.104241
3.63 0.106278
3.64 0.108278
3.65 0.110238
3.66 0.11216
3.67 0.114042
3.68 0.115886
3.69 0.117689
3.7 0.119454
3.71 0.121179
3.72 0.122864
3.73 0.124509
3.74 0.126114
3.75 0.12768
3.76 0.129205
3.77 0.13069
3.78 0.132135
3.79 0.13354
3.8 0.134905
3.81 0.13623
3.82 0.137514
3.83 0.138759
3.84 0.139963
3.85 0.141127
3.86 0.142251
3.87 0.143335
3.88 0.14438
3.89 0.145384
3.9 0.146348
3.91 0.147273
3.92 0.148158
3.93 0.149003
3.94 0.14981
3.95 0.150576
3.96 0.151304
3.97 0.151993
3.98 0.152642
3.99 0.153253
4 0.153826
4.01 0.154359
4.02 0.154855
4.03 0.155313
4.04 0.155732
4.05 0.156114
4.06 0.156459
4.07 0.156766
4.08 0.157036
4.09 0.157269
4.1 0.157465
4.11 0.157625
4.12 0.157749
4.13 0.157837
4.14 0.157889
4.15 0.157905
4.16 0.157887
4.17 0.157833
4.18 0.157745
4.19 0.157622
4.2 0.157465
4.21 0.157274
4.22 0.15705
4.23 0.156792
4.24 0.156501
4.25 0.156178
4.26 0.155822
4.27 0.155434
4.28 0.155014
4.29 0.154562
4.3 0.15408
4.31 0.153566
4.32 0.153022
4.33 0.152448
4.34 0.151843
4.35 0.151209
4.36 0.150546
4.37 0.149854
4.38 0.149133
4.39 0.148384
4.4 0.147607
4.41 0.146803
4.42 0.145971
4.43 0.145113
4.44 0.144228
4.45 0.143317
4.46 0.14238
4.47 0.141417
4.48 0.14043
4.49 0.139417
4.5 0.138381
4.51 0.13732
4.52 0.136236
4.53 0.135128
4.54 0.133998
4.55 0.132845
4.56 0.13167
4.57 0.130473
4.58 0.129255
4.59 0.128016
4.6 0.126756
4.61 0.125475
4.62 0.124175
4.63 0.122856
4.64 0.121517
4.65 0.120159
4.66 0.118783
4.67 0.117389
4.68 0.115978
4.69 0.114549
4.7 0.113103
4.71 0.111641
4.72 0.110163
4.73 0.108669
4.74 0.107159
4.75 0.105635
4.76 0.104096
4.77 0.102543
4.78 0.100976
4.79 0.0993959
4.8 0.0978026
4.81 0.0961966
4.82 0.0945783
4.83 0.0929481
4.84 0.0913064
4.85 0.0896535
4.86 0.0879899
4.87 0.0863159
4.88 0.0846318
4.89 0.0829381
4.9 0.0812352
4.91 0.0795234
4.92 0.077803
4.93 0.0760745
4.94 0.0743382
4.95 0.0725946
4.96 0.0708438
4.97 0.0690865
4.98 0.0673228
4.99 0.0655532
5 0.063778
5.01 0.0619976
5.02 0.0602124
5.03 0.0584227
5.04 0.0566289
5.05 0.0548313
5.06 0.0530302
5.07 0.0512262
5.08 0.0494194
5.09 0.0476103
5.1 0.0457992
5.11 0.0439864
5.12 0.0421723
5.13 0.0403573
5.14 0.0385416
5.15 0.0367256
5.16 0.0349097
5.17 0.0330942
5.18 0.0312795
5.19 0.0294657
5.2 0.0276534
5.21 0.0258428
5.22 0.0240343
5.23 0.0222281
5.24 0.0204246
5.25 0.0186242
5.26 0.016827
5.27 0.0150336
5.28 0.013244
5.29 0.0114588
5.3 0.00967813
5.31 0.00790235
5.32 0.00613176
5.33 0.00436667
5.34 0.00260737
5.35 0.000854156
5.36 -0.000892675
5.37 -0.00263283
5.38 -0.00436603
5.39 -0.00609198
5.4 -0.0078104
5.41 -0.009521
5.42 -0.0112235
5.43 -0.0129177
5.44 -0.0146032
5.45 -0.0162798
5.46 -0.0179472
5.47 -0.0196052
5.48 -0.0212535
5.49 -0.0228919
5.5 -0.02452
5.51 -0.0261377
5.52 -0.0277446
5.53 -0.0293406
5.54 -0.0309254
5.55 -0.0324987
5.56 -0.0340604
5.57 -0.0356101
5.58 -0.0371477
5.59 -0.0386729
5.6 -0.0401855
5.61 -0.0416853
5.62 -0.043172
5.63 -0.0446455
5.64 -0.0461055
5.65 -0.0475518
5.66 -0.0489843
5.67 -0.0504026
5.68 -0.0518067
5.69 -0.0531963
5.7 -0.0545711
5.71 -0.0559312
5.72 -0.0572761
5.73 -0.0586059
5.74 -0.0599202
5.75 -0.0612189
5.76 -0.0625019
5.77 -0.0637689
5.78 -0.0650198
5.79 -0.0662544
5.8 -0.0674727
5.81 -0.0686743
5.82 -0.0698592
5.83 -0.0710272
5.84 -0.0721782
5.85 -0.073312
5.86 -0.0744285
5.87 -0.0755276
5.88 -0.0766091
5.89 -0.0776729
5.9 -0.0787188
5.91 -0.0797468
5.92 -0.0807567
5.93 -0.0817484
5.94 -0.0827219
5.95 -0.0836769
5.96 -0.0846134
5.97 -0.0855314
5.98 -0.0864306
5.99 -0.087311
6 -0.0881725
6.01 -0.0890151
6.02 -0.0898386
6.03 -0.0906429
6.04 -0.0914281
6.05 -0.092194
6.06 -0.0929405
6.07 -0.0936676
6.08 -0.0943752
6.09 -0.0950633
6.1 -0.0957318
6.11 -0.0963806
6.12 -0.0970098
6.13 -0.0976192
6.14 -0.0982088
6.15 -0.0987787
6.16 -0.0993287
6.17 -0.0998588
6.18 -0.100369
6.19 -0.100859
6.2 -0.10133
6.21 -0.10178
6.22 -0.10221
6.23 -0.102621
6.24 -0.103011
6.25 -0.103382
6.26 -0.103732
6.27 -0.104063
6.28 -0.104373
6.29 -0.104664
6.3 -0.104934
6.31 -0.105185
6.32 -0.105416
6.33 -0.105626
6.34 -0.105817
6.35 -0.105989
6.36 -0.10614
6.37 -0.106272
6.38 -0.106383
6.39 -0.106476
6.4 -0.106548
6.41 -0.106601
6.42 -0.106635
6.43 -0.106649
6.44 -0.106643
6.45 -0.106618
6.46 -0.106574
6.47 -0.106511
6.48 -0.106429
6.49 -0.106327
6.5 -0.106207
6.51 -0.106068
6.52 -0.105909
6.53 -0.105732
6.54 -0.105537
6.55 -0.105323
6.56 -0.10509
6.57 -0.104839
6.58 -0.10457
6.59 -0.104283
6.6 -0.103978
6.61 -0.103654
6.62 -0.103313
6.63 -0.102954
6.64 -0.102578
6.65 -0.102184
6.66 -0.101773
6.67 -0.101345
6.68 -0.100899
6.69 -0.100437
6.7 -0.0999572
6.71 -0.0994612
6.72 -0.0989487
6.73 -0.0984197
6.74 -0.0978745
6.75 -0.0973131
6.76 -0.0967358
6.77 -0.0961426
6.78 -0.0955337
6.79 -0.0949094
6.8 -0.0942696
6.81 -0.0936147
6.82 -0.0929447
6.83 -0.0922599
6.84 -0.0915603
6.85 -0.0908462
6.86 -0.0901177
6.87 -0.0893749
6.88 -0.0886182
6.89 -0.0878476
6.9 -0.0870633
6.91 -0.0862655
6.92 -0.0854544
6.93 -0.0846301
6.94 -0.0837929
6.95 -0.0829429
6.96 -0.0820803
6.97 -0.0812053
6.98 -0.0803181
6.99 -0.0794189
7 -0.0785079
7.01 -0.0775852
7.02 -0.0766512
7.03 -0.0757059
7.04 -0.0747495
7.05 -0.0737824
7.06 -0.0728046
7.07 -0.0718164
7.08 -0.0708179
7.09 -0.0698095
7.1 -0.0687912
7.11 -0.0677634
7.12 -0.0667261
7.13 -0.0656797
7.14 -0.0646243
7.15 -0.0635602
7.16 -0.0624875
7.17 -0.0614065
7.18 -0.0603173
7.19 -0.0592203
7.2 -0.0581156
7.21 -0.0570034
7.22 -0.055884
7.23 -0.0547575
7.24 -0.0536242
7.25 -0.0524844
7.26 -0.0513381
7.27 -0.0501858
7.28 -0.0490275
7.29 -0.0478634
7.3 -0.0466939
7.31 -0.0455192
7.32 -0.0443394
7.33 -0.0431548
7.34 -0.0419656
7.35 -0.040772
7.36 -0.0395743
7.37 -0.0383726
7.38 -0.0371673
7.39 -0.0359585
7.4 -0.0347464
7.41 -0.0335313
7.42 -0.0323134
7.43 -0.031093
7.44 -0.0298701
7.45 -0.0286452
7.46 -0.0274183
7.47 -0.0261898
7.48 -0.0249598
7.49 -0.0237285
7.5 -0.0224962
7.51 -0.0212632
7.52 -0.0200295
7.53 -0.0187955
7.54 -0.0175614
7.55 -0.0163273
7.56 -0.0150936
7.57 -0.0138604
7.58 -0.0126279
7.59 -0.0113964
7.6 -0.010166
7.61 -0.00893709
7.62 -0.00770974
7.63 -0.00648421
7.64 -0.00526071
7.65 -0.00403946
7.66 -0.00282066
7.67 -0.00160453
7.68 -0.000391278
7.69 0.000818892
7.7 0.00202577
7.71 0.00322915
7.72 0.00442883
7.73 0.0056246
7.74 0.00681626
7.75 0.00800361
7.76 0.00918644
7.77 0.0103646
7.78 0.0115378
7.79 0.0127059
7.8 0.0138687
7.81 0.015026
7.82 0.0161777
7.83 0.0173234
7.84 0.0184631
7.85 0.0195965
7.86 0.0207235
7.87 0.0218439
7.88 0.0229574
7.89 0.024064
7.9 0.0251634
7.91 0.0262555
7.92 0.02734
7.93 0.0284169
7.94 0.0294858
7.95 0.0305467
7.96 0.0315995
7.97 0.0326438
7.98 0.0336796
7.99 0.0347067
8 0.0357249
8.01 0.0367341
8.02 0.0377341
8.03 0.0387248
8.04 0.0397059
8.05 0.0406774
8.06 0.0416392
8.07 0.042591
8.08 0.0435326
8.09 0.0444641
8.1 0.0453852
8.11 0.0462957
8.12 0.0471957
8.13 0.0480848
8.14 0.048963
8.15 0.0498302
8.16 0.0506862
8.17 0.0515308
8.18 0.0523641
8.19 0.0531858
8.2 0.0539959
8.21 0.0547941
8.22 0.0555805
8.23 0.0563548
8.24 0.0571171
8.25 0.0578671
8.26 0.0586048
8.27 0.05933
8.28 0.0600427
8.29 0.0607428
8.3 0.0614302
8.31 0.0621047
8.32 0.0627664
8.33 0.063415
8.34 0.0640505
8.35 0.0646729
8.36 0.0652821
8.37 0.0658779
8.38 0.0664603
8.39 0.0670293
8.4 0.0675847
8.41 0.0681265
8.42 0.0686546
8.43 0.069169
8.44 0.0696696
8.45 0.0701564
8.46 0.0706292
8.47 0.0710881
8.48 0.071533
8.49 0.0719638
8.5 0.0723805
8.51 0.0727831
8.52 0.0731715
8.53 0.0735456
8.54 0.0739056
8.55 0.0742512
8.56 0.0745825
8.57 0.0748995
8.58 0.0752021
8.59 0.0754903
8.6 0.0757641
8.61 0.0760235
8.62 0.0762685
8.63 0.076499
8.64 0.0767151
8.65 0.0769167
8.66 0.0771039
8.67 0.0772766
8.68 0.0774348
8.69 0.0775786
8.7 0.0777079
8.71 0.0778228
8.72 0.0779232
8.73 0.0780093
8.74 0.0780809
8.75 0.0781382
8.76 0.0781811
8.77 0.0782097
8.78 0.0782239
8.79 0.078224
8.8 0.0782097
8.81 0.0781813
8.82 0.0781387
8.83 0.0780819
8.84 0.0780111
8.85 0.0779262
8.86 0.0778273
8.87 0.0777145
8.88 0.0775878
8.89 0.0774472
8.9 0.0772929
8.91 0.0771248
8.92 0.076943
8.93 0.0767477
8.94 0.0765387
8.95 0.0763164
8.96 0.0760806
8.97 0.0758314
8.98 0.0755691
8.99 0.0752935
9 0.0750048
9.01 0.0747031
9.02 0.0743885
9.03 0.074061
9.04 0.0737207
9.05 0.0733678
9.06 0.0730022
9.07 0.0726242
9.08 0.0722337
9.09 0.071831
9.1 0.071416
9.11 0.070989
9.12 0.0705499
9.13 0.070099
9.14 0.0696362
9.15 0.0691618
9.16 0.0686758
9.17 0.0681783
9.18 0.0676695
9.19 0.0671495
9.2 0.0666183
9.21 0.0660762
9.22 0.0655232
9.23 0.0649594
9.24 0.064385
9.25 0.0638001
9.26 0.0632049
9.27 0.0625994
9.28 0.0619838
9.29 0.0613582
9.3 0.0607228
9.31 0.0600776
9.32 0.0594229
9.33 0.0587587
9.34 0.0580853
9.35 0.0574027
9.36 0.0567111
9.37 0.0560106
9.38 0.0553014
9.39 0.0545836
9.4 0.0538574
9.41 0.0531229
9.42 0.0523802
9.43 0.0516296
9.44 0.0508712
9.45 0.0501051
9.46 0.0493314
9.47 0.0485504
9.48 0.0477622
9.49 0.0469669
9.5 0.0461647
9.51 0.0453558
9.52 0.0445403
9.53 0.0437184
9.54 0.0428902
9.55 0.0420559
9.56 0.0412157
9.57 0.0403698
9.58 0.0395182
9.59 0.0386612
9.6 0.0377989
9.61 0.0369315
9.62 0.0360592
9.63 0.0351821
9.64 0.0343004
9.65 0.0334143
9.66 0.0325238
9.67 0.0316293
9.68 0.0307309
9.69 0.0298287
9.7 0.028923
9.71 0.0280138
9.72 0.0271013
9.73 0.0261858
9.74 0.0252674
9.75 0.0243462
9.76 0.0234225
9.77 0.0224965
9.78 0.0215681
9.79 0.0206378
9.8 0.0197056
9.81 0.0187716
9.82 0.0178362
9.83 0.0168994
9.84 0.0159614
9.85 0.0150224
9.86 0.0140826
9.87 0.0131421
9.88 0.012201
9.89 0.0112597
9.9 0.0103182
9.91 0.00937674
9.92 0.00843545
9.93 0.00749452
9.94 0.00655411
9.95 0.00561438
9.96 0.00467553
9.97 0.00373769
9.98 0.00280106
9.99 0.00186579
10 0.000932047
