0.01 0.0784235
0.02 0.0784076
0.03 0.078381
0.04 0.0783438
0.05 0.0782961
0.06 0.0782377
0.07 0.0781688
0.08 0.0780893
0.09 0.0779992
0.1 0.0778987
0.11 0.0777876
0.12 0.0776662
0.13 0.0775342
0.14 0.0773919
0.15 0.0772393
0.16 0.0770763
0.17 0.076903
0.18 0.0767195
0.19 0.0765258
0.2 0.076322
0.21 0.0761081
0.22 0.0758841
0.23 0.0756502
0.24 0.0754063
0.25 0.0751526
0.26 0.0748891
0.27 0.0746158
0.28 0.0743329
0.29 0.0740404
0.3 0.0737384
0.31 0.0734269
0.32 0.073106
0.33 0.0727759
0.34 0.0724365
0.35 0.0720881
0.36 0.0717305
0.37 0.071364
0.38 0.0709887
0.39 0.0706046
0.4 0.0702118
0.41 0.0698104
0.42 0.0694005
0.43 0.0689823
0.44 0.0685558
0.45 0.068121
0.46 0.0676782
0.47 0.0672275
0.48 0.0667689
0.49 0.0663025
0.5 0.0658285
0.51 0.065347
0.52 0.0648581
0.53 0.0643619
0.54 0.0638586
0.55 0.0633482
0.56 0.0628308
0.57 0.0623067
0.58 0.0617759
0.59 0.0612386
0.6 0.0606948
0.61 0.0601448
0.62 0.0595886
0.63 0.0590264
0.64 0.0584583
0.65 0.0578844
0.66 0.0573049
0.67 0.0567199
0.68 0.0561296
0.69 0.0555341
0.7 0.0549335
0.71 0.0543281
0.72 0.0537178
0.73 0.0531029
0.74 0.0524834
0.75 0.0518597
0.76 0.0512317
0.77 0.0505997
0.78 0.0499638
0.79 0.0493241
0.8 0.0486808
0.81 0.048034
0.82 0.0473839
0.83 0.0467306
0.84 0.0460743
0.85 0.0454152
0.86 0.0447533
0.87 0.0440889
0.88 0.043422
0.89 0.0427529
0.9 0.0420817
0.91 0.0414085
0.92 0.0407335
0.93 0.0400568
0.94 0.0393787
0.95 0.0386991
0.96 0.0380184
0.97 0.0373366
0.98 0.036654
0.99 0.0359705
1 0.0352865
1.01 0.034602
1.02 0.0339173
1.03 0.0332323
1.04 0.0325474
1.05 0.0318626
1.06 0.0311782
1.07 0.0304941
1.08 0.0298107
1.09 0.029128
1.1 0.0284461
1.11 0.0277653
1.12 0.0270857
1.13 0.0264074
1.14 0.0257305
1.15 0.0250553
1.16 0.0243818
1.17 0.0237101
1.18 0.0230405
1.19 0.022373
1.2 0.0217078
1.21 0.0210451
1.22 0.0203849
1.23 0.0197274
1.24 0.0190727
1.25 0.018421
1.26 0.0177724
1.27 0.017127
1.28 0.0164849
1.29 0.0158463
1.3 0.0152113
1.31 0.01458
1.32 0.0139525
1.33 0.0133289
1.34 0.0127095
1.35 0.0120942
1.36 0.0114832
1.37 0.0108767
1.38 0.0102747
1.39 0.00967725
1.4 0.00908459
1.41 0.00849678
1.42 0.00791392
1.43 0.00733611
1.44 0.00676346
1.45 0.00619606
1.46 0.00563401
1.47 0.00507741
1.48 0.00452635
1.49 0.00398092
1.5 0.00344121
1.51 0.0029073
1.52 0.00237929
1.53 0.00185725
1.54 0.00134127
1.55 0.000831422
1.56 0.00032779
1.57 -0.000169553
1.58 -0.000660536
1.59 -0.00114509
1.6 -0.00162313
1.61 -0.00209462
1.62 -0.00255947
1.63 -0.00301762
1.64 -0.00346902
1.65 -0.00391361
1.66 -0.00435132
1.67 -0.00478212
1.68 -0.00520594
1.69 -0.00562274
1.7 -0.00603247
1.71 -0.00643508
1.72 -0.00683054
1.73 -0.00721879
1.74 -0.00759981
1.75 -0.00797356
1.76 -0.00834
1.77 -0.00869911
1.78 -0.00905084
1.79 -0.00939519
1.8 -0.00973211
1.81 -0.0100616
1.82 -0.0103836
1.83 -0.0106981
1.84 -0.0110052
1.85 -0.0113047
1.86 -0.0115967
1.87 -0.0118812
1.88 -0.0121581
1.89 -0.0124275
1.9 -0.0126894
1.91 -0.0129437
1.92 -0.0131904
1.93 -0.0134297
1.94 -0.0136613
1.95 -0.0138855
1.96 -0.0141021
1.97 -0.0143112
1.98 -0.0145128
1.99 -0.0147069
2 -0.0148936
2.01 -0.0150729
2.02 -0.0152447
2.03 -0.0154091
2.04 -0.0155661
2.05 -0.0157158
2.06 -0.0158582
2.07 -0.0159933
2.08 -0.0161212
2.09 -0.0162418
2.1 -0.0163553
2.11 -0.0164616
2.12 -0.0165609
2.13 -0.0166531
2.14 -0.0167382
2.15 -0.0168164
2.16 -0.0168877
2.17 -0.0169521
2.18 -0.0170097
2.19 -0.0170606
2.2 -0.0171047
2.21 -0.0171421
2.22 -0.017173
2.23 -0.0171973
2.24 -0.0172152
2.25 -0.0172266
2.26 -0.0172316
2.27 -0.0172304
2.28 -0.0172229
2.29 -0.0172093
2.3 -0.0171895
2.31 -0.0171638
2.32 -0.0171321
2.33 -0.0170945
2.34 -0.017051
2.35 -0.0170019
2.36 -0.0169471
2.37 -0.0168866
2.38 -0.0168207
2.39 -0.0167494
2.4 -0.0166726
2.41 -0.0165906
2.42 -0.0165034
2.43 -0.0164111
2.44 -0.0163138
2.45 -0.0162115
2.46 -0.0161043
2.47 -0.0159923
2.48 -0.0158757
2.49 -0.0157544
2.5 -0.0156286
2.51 -0.0154983
2.52 -0.0153637
2.53 -0.0152248
2.54 -0.0150818
2.55 -0.0149346
2.56 -0.0147835
2.57 -0.0146284
2.58 -0.0144695
2.59 -0.0143069
2.6 -0.0141406
2.61 -0.0139707
2.62 -0.0137974
2.63 -0.0136208
2.64 -0.0134408
2.65 -0.0132576
2.66 -0.0130713
2.67 -0.0128821
2.68 -0.0126899
2.69 -0.0124948
2.7 -0.012297
2.71 -0.0120966
2.72 -0.0118936
2.73 -0.0116881
2.74 -0.0114803
2.75 -0.0112701
2.76 -0.0110578
2.77 -0.0108433
2.78 -0.0106268
2.79 -0.0104084
2.8 -0.0101881
2.81 -0.00996608
2.82 -0.00974237
2.83 -0.00951708
2.84 -0.00929028
2.85 -0.00906207
2.86 -0.00883253
2.87 -0.00860175
2.88 -0.00836981
2.89 -0.00813679
2.9 -0.00790278
2.91 -0.00766786
2.92 -0.00743211
2.93 -0.00719561
2.94 -0.00695845
2.95 -0.0067207
2.96 -0.00648245
2.97 -0.00624376
2.98 -0.00600472
2.99 -0.00576541
3 -0.00552589
3.01 -0.00528626
3.02 -0.00504657
3.03 -0.00480691
3.04 -0.00456735
3.05 -0.00432795
3.06 -0.0040888
3.07 -0.00384995
3.08 -0.00361148
3.09 -0.00337346
3.1 -0.00313596
3.11 -0.00289903
3.12 -0.00266275
3.13 -0.00242718
3.14 -0.00219239
3.15 -0.00195843
3.16 -0.00172537
3.17 -0.00149327
3.18 -0.00126218
3.19 -0.00103217
3.2 -0.000803299
3.21 -0.000575615
3.22 -0.000349177
3.23 -0.000124039
3.24 9.97446e-05
3.25 0.000322123
3.26 0.000543043
3.27 0.000762456
3.28 0.000980312
3.29 0.00119656
3.3 0.00141116
3.31 0.00162406
3.32 0.00183522
3.33 0.00204459
3.34 0.00225212
3.35 0.00245779
3.36 0.00266154
3.37 0.00286334
3.38 0.00306315
3.39 0.00326092
3.4 0.00345663
3.41 0.00365024
3.42 0.00384171
3.43 0.00403101
3.44 0.0042181
3.45 0.00440296
3.46 0.00458555
3.47 0.00476585
3.48 0.00494382
3.49 0.00511944
3.5 0.00529268
3.51 0.00546352
3.52 0.00563193
3.53 0.00579788
3.54 0.00596136
3.55 0.00612233
3.56 0.00628079
3.57 0.00643671
3.58 0.00659007
3.59 0.00674086
3.6 0.00688905
3.61 0.00703463
3.62 0.00717758
3.63 0.00731789
3.64 0.00745555
3.65 0.00759054
3.66 0.00772285
3.67 0.00785247
3.68 0.00797939
3.69 0.0081036
3.7 0.00822509
3.71 0.00834385
3.72 0.00845987
3.73 0.00857316
3.74 0.0086837
3.75 0.00879148
3.76 0.00889651
3.77 0.00899878
3.78 0.00909829
3.79 0.00919503
3.8 0.00928901
3.81 0.00938023
3.82 0.00946867
3.83 0.00955436
3.84 0.00963728
3.85 0.00971743
3.86 0.00979483
3.87 0.00986948
3.88 0.00994137
3.89 0.0100105
3.9 0.0100769
3.91 0.0101406
3.92 0.0102015
3.93 0.0102598
3.94 0.0103153
3.95 0.0103681
3.96 0.0104182
3.97 0.0104656
3.98 0.0105103
3.99 0.0105524
4 0.0105918
4.01 0.0106285
4.02 0.0106627
4.03 0.0106942
4.04 0.0107231
4.05 0.0107494
4.06 0.0107731
4.07 0.0107942
4.08 0.0108128
4.09 0.0108289
4.1 0.0108424
4.11 0.0108534
4.12 0.0108619
4.13 0.010868
4.14 0.0108716
4.15 0.0108727
4.16 0.0108714
4.17 0.0108677
4.18 0.0108616
4.19 0.0108532
4.2 0.0108424
4.21 0.0108293
4.22 0.0108138
4.23 0.010796
4.24 0.010776
4.25 0.0107537
4.26 0.0107292
4.27 0.0107025
4.28 0.0106736
4.29 0.0106425
4.3 0.0106093
4.31 0.0105739
4.32 0.0105364
4.33 0.0104969
4.34 0.0104553
4.35 0.0104116
4.36 0.010366
4.37 0.0103183
4.38 0.0102687
4.39 0.0102171
4.4 0.0101636
4.41 0.0101082
4.42 0.010051
4.43 0.00999187
4.44 0.00993093
4.45 0.00986819
4.46 0.00980367
4.47 0.0097374
4.48 0.00966941
4.49 0.00959971
4.5 0.00952833
4.51 0.0094553
4.52 0.00938064
4.53 0.00930438
4.54 0.00922655
4.55 0.00914716
4.56 0.00906625
4.57 0.00898384
4.58 0.00889995
4.59 0.00881462
4.6 0.00872786
4.61 0.00863971
4.62 0.00855019
4.63 0.00845932
4.64 0.00836714
4.65 0.00827366
4.66 0.00817892
4.67 0.00808293
4.68 0.00798574
4.69 0.00788735
4.7 0.00778781
4.71 0.00768713
4.72 0.00758534
4.73 0.00748247
4.74 0.00737854
4.75 0.00727358
4.76 0.00716762
4.77 0.00706069
4.78 0.0069528
4.79 0.00684399
4.8 0.00673428
4.81 0.0066237
4.82 0.00651227
4.83 0.00640002
4.84 0.00628698
4.85 0.00617317
4.86 0.00605862
4.87 0.00594335
4.88 0.00582739
4.89 0.00571077
4.9 0.00559352
4.91 0.00547565
4.92 0.00535719
4.93 0.00523817
4.94 0.00511862
4.95 0.00499856
4.96 0.00487801
4.97 0.00475701
4.98 0.00463557
4.99 0.00451372
5 0.00439149
5.01 0.0042689
5.02 0.00414597
5.03 0.00402274
5.04 0.00389923
5.05 0.00377545
5.06 0.00365144
5.07 0.00352722
5.08 0.00340281
5.09 0.00327825
5.1 0.00315354
5.11 0.00302872
5.12 0.00290381
5.13 0.00277883
5.14 0.00265381
5.15 0.00252877
5.16 0.00240374
5.17 0.00227873
5.18 0.00215377
5.19 0.00202889
5.2 0.0019041
5.21 0.00177943
5.22 0.0016549
5.23 0.00153054
5.24 0.00140636
5.25 0.00128238
5.26 0.00115864
5.27 0.00103515
5.28 0.000911929
5.29 0.000789005
5.3 0.000666395
5.31 0.000544123
5.32 0.000422208
5.33 0.000300671
5.34 0.000179533
5.35 5.88136e-05
5.36 -6.14659e-05
5.37 -0.000181286
5.38 -0.000300627
5.39 -0.000419468
5.4 -0.000537791
5.41 -0.000655577
5.42 -0.000772805
5.43 -0.000889457
5.44 -0.00100551
5.45 -0.00112096
5.46 -0.00123577
5.47 -0.00134993
5.48 -0.00146343
5.49 -0.00157624
5.5 -0.00168834
5.51 -0.00179973
5.52 -0.00191038
5.53 -0.00202027
5.54 -0.00212939
5.55 -0.00223772
5.56 -0.00234525
5.57 -0.00245196
5.58 -0.00255783
5.59 -0.00266285
5.6 -0.002767
5.61 -0.00287027
5.62 -0.00297264
5.63 -0.0030741
5.64 -0.00317463
5.65 -0.00327422
5.66 -0.00337285
5.67 -0.00347051
5.68 -0.00356719
5.69 -0.00366287
5.7 -0.00375754
5.71 -0.00385119
5.72 -0.0039438
5.73 -0.00403536
5.74 -0.00412585
5.75 -0.00421528
5.76 -0.00430362
5.77 -0.00439086
5.78 -0.00447699
5.79 -0.004562
5.8 -0.00464589
5.81 -0.00472863
5.82 -0.00481021
5.83 -0.00489064
5.84 -0.00496989
5.85 -0.00504796
5.86 -0.00512484
5.87 -0.00520052
5.88 -0.00527498
5.89 -0.00534823
5.9 -0.00542025
5.91 -0.00549103
5.92 -0.00556057
5.93 -0.00562886
5.94 -0.00569588
5.95 -0.00576164
5.96 -0.00582613
5.97 -0.00588933
5.98 -0.00595125
5.99 -0.00601187
6 -0.00607119
6.01 -0.00612921
6.02 -0.00618591
6.03 -0.00624129
6.04 -0.00629536
6.05 -0.00634809
6.06 -0.00639949
6.07 -0.00644956
6.08 -0.00649828
6.09 -0.00654566
6.1 -0.00659169
6.11 -0.00663637
6.12 -0.00667969
6.13 -0.00672165
6.14 -0.00676225
6.15 -0.00680149
6.16 -0.00683936
6.17 -0.00687586
6.18 -0.00691099
6.19 -0.00694475
6.2 -0.00697714
6.21 -0.00700815
6.22 -0.00703778
6.23 -0.00706604
6.24 -0.00709293
6.25 -0.00711844
6.26 -0.00714257
6.27 -0.00716532
6.28 -0.0071867
6.29 -0.00720671
6.3 -0.00722534
6.31 -0.00724259
6.32 -0.00725848
6.33 -0.007273
6.34 -0.00728615
6.35 -0.00729793
6.36 -0.00730835
6.37 -0.00731741
6.38 -0.00732512
6.39 -0.00733146
6.4 -0.00733646
6.41 -0.00734011
6.42 -0.00734241
6.43 -0.00734338
6.44 -0.007343
6.45 -0.0073413
6.46 -0.00733827
6.47 -0.00733391
6.48 -0.00732824
6.49 -0.00732125
6.5 -0.00731296
6.51 -0.00730337
6.52 -0.00729248
6.53 -0.0072803
6.54 -0.00726683
6.55 -0.00725209
6.56 -0.00723608
6.57 -0.0072188
6.58 -0.00720027
6.59 -0.00718049
6.6 -0.00715946
6.61 -0.0071372
6.62 -0.00711372
6.63 -0.00708901
6.64 -0.0070631
6.65 -0.00703598
6.66 -0.00700766
6.67 -0.00697816
6.68 -0.00694748
6.69 -0.00691564
6.7 -0.00688264
6.71 -0.00684848
6.72 -0.00681319
6.73 -0.00677677
6.74 -0.00673923
6.75 -0.00670057
6.76 -0.00666082
6.77 -0.00661998
6.78 -0.00657805
6.79 -0.00653506
6.8 -0.00649101
6.81 -0.00644592
6.82 -0.00639979
6.83 -0.00635263
6.84 -0.00630446
6.85 -0.00625529
6.86 -0.00620513
6.87 -0.00615399
6.88 -0.00610188
6.89 -0.00604882
6.9 -0.00599481
6.91 -0.00593988
6.92 -0.00588403
6.93 -0.00582727
6.94 -0.00576963
6.95 -0.0057111
6.96 -0.00565171
6.97 -0.00559146
6.98 -0.00553037
6.99 -0.00546845
7 -0.00540573
7.01 -0.0053422
7.02 -0.00527788
7.03 -0.00521279
7.04 -0.00514694
7.05 -0.00508035
7.06 -0.00501302
7.07 -0.00494498
7.08 -0.00487623
7.09 -0.00480679
7.1 -0.00473668
7.11 -0.0046659
7.12 -0.00459448
7.13 -0.00452243
7.14 -0.00444976
7.15 -0.00437649
7.16 -0.00430263
7.17 -0.00422819
7.18 -0.0041532
7.19 -0.00407766
7.2 -0.0040016
7.21 -0.00392502
7.22 -0.00384794
7.23 -0.00377037
7.24 -0.00369234
7.25 -0.00361385
7.26 -0.00353493
7.27 -0.00345558
7.28 -0.00337583
7.29 -0.00329568
7.3 -0.00321515
7.31 -0.00313426
7.32 -0.00305303
7.33 -0.00297146
7.34 -0.00288957
7.35 -0.00280739
7.36 -0.00272492
7.37 -0.00264218
7.38 -0.00255918
7.39 -0.00247595
7.4 -0.00239249
7.41 -0.00230883
7.42 -0.00222497
7.43 -0.00214093
7.44 -0.00205673
7.45 -0.00197239
7.46 -0.00188791
7.47 -0.00180332
7.48 -0.00171862
7.49 -0.00163385
7.5 -0.001549
7.51 -0.00146409
7.52 -0.00137915
7.53 -0.00129418
7.54 -0.0012092
7.55 -0.00112423
7.56 -0.00103928
7.57 -0.000954369
7.58 -0.000869505
7.59 -0.000784708
7.6 -0.000699992
7.61 -0.000615371
7.62 -0.000530861
7.63 -0.000446476
7.64 -0.000362231
7.65 -0.00027814
7.66 -0.000194219
7.67 -0.000110481
7.68 -2.69418e-05
7.69 5.63855e-05
7.7 0.000139486
7.71 0.000222346
7.72 0.000304951
7.73 0.000387286
7.74 0.000469339
7.75 0.000551095
7.76 0.00063254
7.77 0.000713661
7.78 0.000794444
7.79 0.000874875
7.8 0.000954941
7.81 0.00103463
7.82 0.00111393
7.83 0.00119282
7.84 0.00127129
7.85 0.00134933
7.86 0.00142694
7.87 0.00150408
7.88 0.00158075
7.89 0.00165695
7.9 0.00173265
7.91 0.00180784
7.92 0.00188252
7.93 0.00195667
7.94 0.00203027
7.95 0.00210332
7.96 0.00217581
7.97 0.00224772
7.98 0.00231904
7.99 0.00238976
8 0.00245987
8.01 0.00252936
8.02 0.00259821
8.03 0.00266643
8.04 0.00273398
8.05 0.00280088
8.06 0.0028671
8.07 0.00293264
8.08 0.00299748
8.09 0.00306161
8.1 0.00312503
8.11 0.00318773
8.12 0.0032497
8.13 0.00331092
8.14 0.00337139
8.15 0.0034311
8.16 0.00349004
8.17 0.0035482
8.18 0.00360557
8.19 0.00366215
8.2 0.00371793
8.21 0.00377289
8.22 0.00382704
8.23 0.00388036
8.24 0.00393284
8.25 0.00398449
8.26 0.00403528
8.27 0.00408522
8.28 0.00413429
8.29 0.0041825
8.3 0.00422983
8.31 0.00427627
8.32 0.00432183
8.33 0.00436649
8.34 0.00441025
8.35 0.00445311
8.36 0.00449505
8.37 0.00453608
8.38 0.00457618
8.39 0.00461536
8.4 0.0046536
8.41 0.00469091
8.42 0.00472727
8.43 0.00476269
8.44 0.00479716
8.45 0.00483068
8.46 0.00486323
8.47 0.00489483
8.48 0.00492546
8.49 0.00495513
8.5 0.00498382
8.51 0.00501154
8.52 0.00503828
8.53 0.00506405
8.54 0.00508883
8.55 0.00511263
8.56 0.00513544
8.57 0.00515727
8.58 0.0051781
8.59 0.00519795
8.6 0.0052168
8.61 0.00523466
8.62 0.00525153
8.63 0.0052674
8.64 0.00528228
8.65 0.00529616
8.66 0.00530905
8.67 0.00532094
8.68 0.00533184
8.69 0.00534174
8.7 0.00535064
8.71 0.00535855
8.72 0.00536547
8.73 0.00537139
8.74 0.00537632
8.75 0.00538027
8.76 0.00538322
8.77 0.00538519
8.78 0.00538617
8.79 0.00538617
8.8 0.00538519
8.81 0.00538324
8.82 0.0053803
8.83 0.0053764
8.84 0.00537152
8.85 0.00536567
8.86 0.00535887
8.87 0.0053511
8.88 0.00534237
8.89 0.00533269
8.9 0.00532206
8.91 0.00531049
8.92 0.00529797
8.93 0.00528452
8.94 0.00527014
8.95 0.00525483
8.96 0.00523859
8.97 0.00522144
8.98 0.00520337
8.99 0.0051844
9 0.00516452
9.01 0.00514374
9.02 0.00512208
9.03 0.00509953
9.04 0.0050761
9.05 0.0050518
9.06 0.00502663
9.07 0.0050006
9.08 0.00497371
9.09 0.00494598
9.1 0.00491741
9.11 0.00488801
9.12 0.00485777
9.13 0.00482672
9.14 0.00479486
9.15 0.00476219
9.16 0.00472873
9.17 0.00469447
9.18 0.00465944
9.19 0.00462363
9.2 0.00458706
9.21 0.00454973
9.22 0.00451165
9.23 0.00447283
9.24 0.00443328
9.25 0.00439301
9.26 0.00435202
9.27 0.00431033
9.28 0.00426794
9.29 0.00422487
9.3 0.00418112
9.31 0.00413669
9.32 0.00409161
9.33 0.00404588
9.34 0.00399951
9.35 0.00395251
9.36 0.00390489
9.37 0.00385666
9.38 0.00380782
9.39 0.0037584
9.4 0.00370839
9.41 0.00365782
9.42 0.00360669
9.43 0.003555
9.44 0.00350278
9.45 0.00345003
9.46 0.00339676
9.47 0.00334298
9.48 0.0032887
9.49 0.00323394
9.5 0.00317871
9.51 0.00312301
9.52 0.00306686
9.53 0.00301026
9.54 0.00295324
9.55 0.0028958
9.56 0.00283794
9.57 0.00277969
9.58 0.00272106
9.59 0.00266205
9.6 0.00260267
9.61 0.00254295
9.62 0.00248289
9.63 0.00242249
9.64 0.00236178
9.65 0.00230077
9.66 0.00223946
9.67 0.00217786
9.68 0.002116
9.69 0.00205388
9.7 0.00199151
9.71 0.00192891
9.72 0.00186608
9.73 0.00180305
9.74 0.00173981
9.75 0.00167638
9.76 0.00161278
9.77 0.00154901
9.78 0.00148509
9.79 0.00142103
9.8 0.00135684
9.81 0.00129254
9.82 0.00122813
9.83 0.00116362
9.84 0.00109904
9.85 0.00103438
9.86 0.000969666
9.87 0.000904907
9.88 0.000840113
9.89 0.000775297
9.9 0.00071047
9.91 0.000645643
9.92 0.00058083
9.93 0.000516041
9.94 0.000451288
9.95 0.000386583
9.96 0.000321937
9.97 0.000257362
9.98 0.000192869
9.99 0.00012847
10 6.41768e-05
