0.01 0.000784235
0.02 0.00156815
0.03 0.00235143
0.04 0.00313375
0.05 0.0039148
0.06 0.00469426
0.07 0.00547181
0.08 0.00624714
0.09 0.00701993
0.1 0.00778987
0.11 0.00855664
0.12 0.00931994
0.13 0.0100795
0.14 0.0108349
0.15 0.0115859
0.16 0.0123322
0.17 0.0130735
0.18 0.0138095
0.19 0.0145399
0.2 0.0152644
0.21 0.0159827
0.22 0.0166945
0.23 0.0173995
0.24 0.0180975
0.25 0.0187881
0.26 0.0194712
0.27 0.0201463
0.28 0.0208132
0.29 0.0214717
0.3 0.0221215
0.31 0.0227623
0.32 0.0233939
0.33 0.024016
0.34 0.0246284
0.35 0.0252308
0.36 0.025823
0.37 0.0264047
0.38 0.0269757
0.39 0.0275358
0.4 0.0280847
0.41 0.0286223
0.42 0.0291482
0.43 0.0296624
0.44 0.0301645
0.45 0.0306545
0.46 0.031132
0.47 0.0315969
0.48 0.0320491
0.49 0.0324882
0.5 0.0329143
0.51 0.033327
0.52 0.0337262
0.53 0.0341118
0.54 0.0344836
0.55 0.0348415
0.56 0.0351853
0.57 0.0355148
0.58 0.03583
0.59 0.0361308
0.6 0.0364169
0.61 0.0366883
0.62 0.0369449
0.63 0.0371866
0.64 0.0374133
0.65 0.0376249
0.66 0.0378212
0.67 0.0380024
0.68 0.0381682
0.69 0.0383185
0.7 0.0384535
0.71 0.0385729
0.72 0.0386768
0.73 0.0387651
0.74 0.0388377
0.75 0.0388948
0.76 0.0389361
0.77 0.0389618
0.78 0.0389717
0.79 0.038966
0.8 0.0389446
0.81 0.0389075
0.82 0.0388548
0.83 0.0387864
0.84 0.0387024
0.85 0.0386029
0.86 0.0384879
0.87 0.0383573
0.88 0.0382114
0.89 0.0380501
0.9 0.0378735
0.91 0.0376817
0.92 0.0374748
0.93 0.0372529
0.94 0.037016
0.95 0.0367642
0.96 0.0364977
0.97 0.0362165
0.98 0.0359209
0.99 0.0356108
1 0.0352865
1.01 0.0349481
1.02 0.0345956
1.03 0.0342293
1.04 0.0338493
1.05 0.0334558
1.06 0.0330488
1.07 0.0326287
1.08 0.0321955
1.09 0.0317495
1.1 0.0312907
1.11 0.0308195
1.12 0.030336
1.13 0.0298403
1.14 0.0293328
1.15 0.0288136
1.16 0.0282828
1.17 0.0277408
1.18 0.0271878
1.19 0.0266239
1.2 0.0260494
1.21 0.0254646
1.22 0.0248696
1.23 0.0242647
1.24 0.0236502
1.25 0.0230263
1.26 0.0223932
1.27 0.0217512
1.28 0.0211007
1.29 0.0204417
1.3 0.0197746
1.31 0.0190997
1.32 0.0184173
1.33 0.0177275
1.34 0.0170307
1.35 0.0163272
1.36 0.0156172
1.37 0.0149011
1.38 0.014179
1.39 0.0134514
1.4 0.0127184
1.41 0.0119805
1.42 0.0112378
1.43 0.0104906
1.44 0.00973938
1.45 0.00898429
1.46 0.00822566
1.47 0.0074638
1.48 0.006699
1.49 0.00593157
1.5 0.00516181
1.51 0.00439002
1.52 0.00361652
1.53 0.00284159
1.54 0.00206555
1.55 0.0012887
1.56 0.000511353
1.57 -0.000266199
1.58 -0.00104365
1.59 -0.00182069
1.6 -0.00259702
1.61 -0.00337233
1.62 -0.00414633
1.63 -0.00491872
1.64 -0.00568919
1.65 -0.00645745
1.66 -0.0072232
1.67 -0.00798614
1.68 -0.00874598
1.69 -0.00950243
1.7 -0.0102552
1.71 -0.011004
1.72 -0.0117485
1.73 -0.0124885
1.74 -0.0132237
1.75 -0.0139537
1.76 -0.0146784
1.77 -0.0153974
1.78 -0.0161105
1.79 -0.0168174
1.8 -0.0175178
1.81 -0.0182115
1.82 -0.0188982
1.83 -0.0195776
1.84 -0.0202496
1.85 -0.0209137
1.86 -0.0215699
1.87 -0.0222179
1.88 -0.0228573
1.89 -0.0234881
1.9 -0.0241098
1.91 -0.0247224
1.92 -0.0253256
1.93 -0.0259192
1.94 -0.026503
1.95 -0.0270767
1.96 -0.0276401
1.97 -0.0281931
1.98 -0.0287354
1.99 -0.0292668
2 -0.0297872
2.01 -0.0302964
2.02 -0.0307942
2.03 -0.0312804
2.04 -0.0317549
2.05 -0.0322175
2.06 -0.0326679
2.07 -0.0331062
2.08 -0.0335321
2.09 -0.0339454
2.1 -0.0343462
2.11 -0.0347341
2.12 -0.0351091
2.13 -0.035471
2.14 -0.0358198
2.15 -0.0361553
2.16 -0.0364775
2.17 -0.0367861
2.18 -0.0370812
2.19 -0.0373626
2.2 -0.0376303
2.21 -0.0378841
2.22 -0.0381241
2.23 -0.03835
2.24 -0.038562
2.25 -0.0387598
2.26 -0.0389435
2.27 -0.039113
2.28 -0.0392682
2.29 -0.0394092
2.3 -0.0395359
2.31 -0.0396483
2.32 -0.0397464
2.33 -0.0398301
2.34 -0.0398994
2.35 -0.0399544
2.36 -0.0399951
2.37 -0.0400213
2.38 -0.0400333
2.39 -0.040031
2.4 -0.0400143
2.41 -0.0399834
2.42 -0.0399383
2.43 -0.039879
2.44 -0.0398056
2.45 -0.0397181
2.46 -0.0396165
2.47 -0.039501
2.48 -0.0393716
2.49 -0.0392284
2.5 -0.0390714
2.51 -0.0389008
2.52 -0.0387166
2.53 -0.0385188
2.54 -0.0383077
2.55 -0.0380833
2.56 -0.0378457
2.57 -0.037595
2.58 -0.0373313
2.59 -0.0370548
2.6 -0.0367655
2.61 -0.0364636
2.62 -0.0361493
2.63 -0.0358226
2.64 -0.0354837
2.65 -0.0351327
2.66 -0.0347698
2.67 -0.0343951
2.68 -0.0340088
2.69 -0.033611
2.7 -0.033202
2.71 -0.0327818
2.72 -0.0323506
2.73 -0.0319086
2.74 -0.0314559
2.75 -0.0309928
2.76 -0.0305194
2.77 -0.030036
2.78 -0.0295425
2.79 -0.0290394
2.8 -0.0285267
2.81 -0.0280047
2.82 -0.0274735
2.83 -0.0269333
2.84 -0.0263844
2.85 -0.0258269
2.86 -0.025261
2.87 -0.024687
2.88 -0.0241051
2.89 -0.0235153
2.9 -0.0229181
2.91 -0.0223135
2.92 -0.0217018
2.93 -0.0210832
2.94 -0.0204578
2.95 -0.0198261
2.96 -0.019188
2.97 -0.018544
2.98 -0.0178941
2.99 -0.0172386
3 -0.0165777
3.01 -0.0159116
3.02 -0.0152407
3.03 -0.0145649
3.04 -0.0138847
3.05 -0.0132003
3.06 -0.0125117
3.07 -0.0118193
3.08 -0.0111234
3.09 -0.010424
3.1 -0.00972147
3.11 -0.00901599
3.12 -0.00830779
3.13 -0.00759708
3.14 -0.0068841
3.15 -0.00616905
3.16 -0.00545216
3.17 -0.00473365
3.18 -0.00401374
3.19 -0.00329263
3.2 -0.00257056
3.21 -0.00184772
3.22 -0.00112435
3.23 -0.000400647
3.24 0.000323173
3.25 0.0010469
3.26 0.00177032
3.27 0.00249323
3.28 0.00321542
3.29 0.00393669
3.3 0.00465683
3.31 0.00537564
3.32 0.00609292
3.33 0.00680847
3.34 0.0075221
3.35 0.0082336
3.36 0.00894278
3.37 0.00964946
3.38 0.0103534
3.39 0.0110545
3.4 0.0117526
3.41 0.0124473
3.42 0.0131386
3.43 0.0138264
3.44 0.0145103
3.45 0.0151902
3.46 0.015866
3.47 0.0165375
3.48 0.0172045
3.49 0.0178669
3.5 0.0185244
3.51 0.019177
3.52 0.0198244
3.53 0.0204665
3.54 0.0211032
3.55 0.0217343
3.56 0.0223596
3.57 0.0229791
3.58 0.0235925
3.59 0.0241997
3.6 0.0248006
3.61 0.025395
3.62 0.0259828
3.63 0.026564
3.64 0.0271382
3.65 0.0277055
3.66 0.0282656
3.67 0.0288186
3.68 0.0293642
3.69 0.0299023
3.7 0.0304328
3.71 0.0309557
3.72 0.0314707
3.73 0.0319779
3.74 0.032477
3.75 0.0329681
3.76 0.0334509
3.77 0.0339254
3.78 0.0343915
3.79 0.0348492
3.8 0.0352982
3.81 0.0357387
3.82 0.0361703
3.83 0.0365932
3.84 0.0370071
3.85 0.0374121
3.86 0.0378081
3.87 0.0381949
3.88 0.0385725
3.89 0.0389409
3.9 0.0393
3.91 0.0396497
3.92 0.03999
3.93 0.0403208
3.94 0.0406421
3.95 0.0409538
3.96 0.0412559
3.97 0.0415483
3.98 0.041831
3.99 0.042104
4 0.0423671
4.01 0.0426205
4.02 0.042864
4.03 0.0430975
4.04 0.0433212
4.05 0.043535
4.06 0.0437387
4.07 0.0439325
4.08 0.0441163
4.09 0.0442901
4.1 0.0444538
4.11 0.0446075
4.12 0.0447512
4.13 0.0448848
4.14 0.0450083
4.15 0.0451217
4.16 0.0452251
4.17 0.0453184
4.18 0.0454017
4.19 0.0454749
4.2 0.045538
4.21 0.0455911
4.22 0.0456342
4.23 0.0456673
4.24 0.0456903
4.25 0.0457034
4.26 0.0457066
4.27 0.0456997
4.28 0.045683
4.29 0.0456564
4.3 0.0456199
4.31 0.0455736
4.32 0.0455175
4.33 0.0454516
4.34 0.045376
4.35 0.0452906
4.36 0.0451957
4.37 0.0450911
4.38 0.0449769
4.39 0.0448532
4.4 0.04472
4.41 0.0445774
4.42 0.0444253
4.43 0.044264
4.44 0.0440933
4.45 0.0439134
4.46 0.0437244
4.47 0.0435262
4.48 0.0433189
4.49 0.0431027
4.5 0.0428775
4.51 0.0426434
4.52 0.0424005
4.53 0.0421489
4.54 0.0418885
4.55 0.0416196
4.56 0.0413421
4.57 0.0410561
4.58 0.0407618
4.59 0.0404591
4.6 0.0401482
4.61 0.0398291
4.62 0.0395019
4.63 0.0391667
4.64 0.0388235
4.65 0.0384725
4.66 0.0381138
4.67 0.0377473
4.68 0.0373732
4.69 0.0369917
4.7 0.0366027
4.71 0.0362064
4.72 0.0358028
4.73 0.0353921
4.74 0.0349743
4.75 0.0345495
4.76 0.0341179
4.77 0.0336795
4.78 0.0332344
4.79 0.0327827
4.8 0.0323245
4.81 0.03186
4.82 0.0313891
4.83 0.0309121
4.84 0.030429
4.85 0.0299399
4.86 0.0294449
4.87 0.0289441
4.88 0.0284377
4.89 0.0279257
4.9 0.0274082
4.91 0.0268854
4.92 0.0263574
4.93 0.0258242
4.94 0.025286
4.95 0.0247429
4.96 0.0241949
4.97 0.0236423
4.98 0.0230851
4.99 0.0225235
5 0.0219574
5.01 0.0213872
5.02 0.0208128
5.03 0.0202344
5.04 0.0196521
5.05 0.019066
5.06 0.0184763
5.07 0.017883
5.08 0.0172863
5.09 0.0166863
5.1 0.0160831
5.11 0.0154768
5.12 0.0148675
5.13 0.0142554
5.14 0.0136406
5.15 0.0130232
5.16 0.0124033
5.17 0.011781
5.18 0.0111565
5.19 0.0105299
5.2 0.00990132
5.21 0.00927083
5.22 0.00863858
5.23 0.0080047
5.24 0.0073693
5.25 0.00673251
5.26 0.00609445
5.27 0.00545523
5.28 0.00481499
5.29 0.00417383
5.3 0.0035319
5.31 0.00288929
5.32 0.00224614
5.33 0.00160258
5.34 0.000958704
5.35 0.000314653
5.36 -0.000329457
5.37 -0.000973505
5.38 -0.00161737
5.39 -0.00226093
5.4 -0.00290407
5.41 -0.00354667
5.42 -0.0041886
5.43 -0.00482975
5.44 -0.00547
5.45 -0.00610923
5.46 -0.00674731
5.47 -0.00738414
5.48 -0.00801959
5.49 -0.00865355
5.5 -0.00928589
5.51 -0.00991651
5.52 -0.0105453
5.53 -0.0111721
5.54 -0.0117968
5.55 -0.0124194
5.56 -0.0130396
5.57 -0.0136574
5.58 -0.0142727
5.59 -0.0148853
5.6 -0.0154952
5.61 -0.0161022
5.62 -0.0167063
5.63 -0.0173072
5.64 -0.0179049
5.65 -0.0184993
5.66 -0.0190903
5.67 -0.0196778
5.68 -0.0202616
5.69 -0.0208417
5.7 -0.021418
5.71 -0.0219903
5.72 -0.0225585
5.73 -0.0231226
5.74 -0.0236824
5.75 -0.0242379
5.76 -0.0247888
5.77 -0.0253353
5.78 -0.025877
5.79 -0.026414
5.8 -0.0269461
5.81 -0.0274733
5.82 -0.0279954
5.83 -0.0285124
5.84 -0.0290242
5.85 -0.0295306
5.86 -0.0300316
5.87 -0.030527
5.88 -0.0310169
5.89 -0.0315011
5.9 -0.0319795
5.91 -0.032452
5.92 -0.0329186
5.93 -0.0333791
5.94 -0.0338335
5.95 -0.0342818
5.96 -0.0347237
5.97 -0.0351593
5.98 -0.0355885
5.99 -0.0360111
6 -0.0364272
6.01 -0.0368365
6.02 -0.0372392
6.03 -0.037635
6.04 -0.038024
6.05 -0.0384059
6.06 -0.0387809
6.07 -0.0391488
6.08 -0.0395096
6.09 -0.0398631
6.1 -0.0402093
6.11 -0.0405482
6.12 -0.0408797
6.13 -0.0412037
6.14 -0.0415202
6.15 -0.0418291
6.16 -0.0421304
6.17 -0.042424
6.18 -0.0427099
6.19 -0.042988
6.2 -0.0432582
6.21 -0.0435206
6.22 -0.043775
6.23 -0.0440215
6.24 -0.0442599
6.25 -0.0444902
6.26 -0.0447125
6.27 -0.0449266
6.28 -0.0451325
6.29 -0.0453302
6.3 -0.0455196
6.31 -0.0457008
6.32 -0.0458736
6.33 -0.0460381
6.34 -0.0461942
6.35 -0.0463419
6.36 -0.0464811
6.37 -0.0466119
6.38 -0.0467342
6.39 -0.0468481
6.4 -0.0469534
6.41 -0.0470501
6.42 -0.0471383
6.43 -0.0472179
6.44 -0.0472889
6.45 -0.0473514
6.46 -0.0474052
6.47 -0.0474504
6.48 -0.047487
6.49 -0.0475149
6.5 -0.0475342
6.51 -0.0475449
6.52 -0.0475469
6.53 -0.0475403
6.54 -0.0475251
6.55 -0.0475012
6.56 -0.0474687
6.57 -0.0474275
6.58 -0.0473778
6.59 -0.0473194
6.6 -0.0472525
6.61 -0.0471769
6.62 -0.0470928
6.63 -0.0470002
6.64 -0.046899
6.65 -0.0467892
6.66 -0.046671
6.67 -0.0465443
6.68 -0.0464092
6.69 -0.0462656
6.7 -0.0461137
6.71 -0.0459533
6.72 -0.0457846
6.73 -0.0456077
6.74 -0.0454224
6.75 -0.0452289
6.76 -0.0450271
6.77 -0.0448172
6.78 -0.0445992
6.79 -0.0443731
6.8 -0.0441389
6.81 -0.0438967
6.82 -0.0436465
6.83 -0.0433885
6.84 -0.0431225
6.85 -0.0428487
6.86 -0.0425672
6.87 -0.0422779
6.88 -0.0419809
6.89 -0.0416764
6.9 -0.0413642
6.91 -0.0410446
6.92 -0.0407175
6.93 -0.040383
6.94 -0.0400412
6.95 -0.0396921
6.96 -0.0393359
6.97 -0.0389725
6.98 -0.038602
6.99 -0.0382245
7 -0.0378401
7.01 -0.0374488
7.02 -0.0370507
7.03 -0.0366459
7.04 -0.0362345
7.05 -0.0358164
7.06 -0.0353919
7.07 -0.034961
7.08 -0.0345237
7.09 -0.0340801
7.1 -0.0336304
7.11 -0.0331746
7.12 -0.0327127
7.13 -0.0322449
7.14 -0.0317713
7.15 -0.0312919
7.16 -0.0308068
7.17 -0.0303161
7.18 -0.02982
7.19 -0.0293184
7.2 -0.0288115
7.21 -0.0282994
7.22 -0.0277821
7.23 -0.0272598
7.24 -0.0267325
7.25 -0.0262004
7.26 -0.0256636
7.27 -0.0251221
7.28 -0.024576
7.29 -0.0240255
7.3 -0.0234706
7.31 -0.0229114
7.32 -0.0223481
7.33 -0.0217808
7.34 -0.0212095
7.35 -0.0206343
7.36 -0.0200554
7.37 -0.0194729
7.38 -0.0188868
7.39 -0.0182973
7.4 -0.0177044
7.41 -0.0171084
7.42 -0.0165093
7.43 -0.0159071
7.44 -0.0153021
7.45 -0.0146943
7.46 -0.0140838
7.47 -0.0134708
7.48 -0.0128553
7.49 -0.0122375
7.5 -0.0116175
7.51 -0.0109953
7.52 -0.0103712
7.53 -0.00974519
7.54 -0.0091174
7.55 -0.00848796
7.56 -0.00785698
7.57 -0.00722457
7.58 -0.00659085
7.59 -0.00595593
7.6 -0.00531994
7.61 -0.00468297
7.62 -0.00404516
7.63 -0.00340661
7.64 -0.00276744
7.65 -0.00212777
7.66 -0.00148772
7.67 -0.000847393
7.68 -0.000206913
7.69 0.000433604
7.7 0.00107404
7.71 0.00171429
7.72 0.00235422
7.73 0.00299372
7.74 0.00363268
7.75 0.00427099
7.76 0.00490851
7.77 0.00554514
7.78 0.00618077
7.79 0.00681527
7.8 0.00744854
7.81 0.00808045
7.82 0.0087109
7.83 0.00933976
7.84 0.00996692
7.85 0.0105923
7.86 0.0112157
7.87 0.0118371
7.88 0.0124563
7.89 0.0130733
7.9 0.0136879
7.91 0.0143
7.92 0.0149096
7.93 0.0155164
7.94 0.0161203
7.95 0.0167214
7.96 0.0173194
7.97 0.0179143
7.98 0.0185059
7.99 0.0190942
8 0.0196789
8.01 0.0202601
8.02 0.0208377
8.03 0.0214114
8.04 0.0219812
8.05 0.0225471
8.06 0.0231088
8.07 0.0236664
8.08 0.0242196
8.09 0.0247684
8.1 0.0253128
8.11 0.0258525
8.12 0.0263875
8.13 0.0269178
8.14 0.0274431
8.15 0.0279634
8.16 0.0284787
8.17 0.0289888
8.18 0.0294936
8.19 0.029993
8.2 0.030487
8.21 0.0309755
8.22 0.0314583
8.23 0.0319354
8.24 0.0324066
8.25 0.032872
8.26 0.0333314
8.27 0.0337848
8.28 0.0342319
8.29 0.0346729
8.3 0.0351076
8.31 0.0355358
8.32 0.0359576
8.33 0.0363729
8.34 0.0367815
8.35 0.0371835
8.36 0.0375786
8.37 0.037967
8.38 0.0383484
8.39 0.0387228
8.4 0.0390902
8.41 0.0394505
8.42 0.0398036
8.43 0.0401495
8.44 0.040488
8.45 0.0408192
8.46 0.041143
8.47 0.0414592
8.48 0.0417679
8.49 0.042069
8.5 0.0423625
8.51 0.0426482
8.52 0.0429262
8.53 0.0431963
8.54 0.0434586
8.55 0.043713
8.56 0.0439594
8.57 0.0441978
8.58 0.0444281
8.59 0.0446504
8.6 0.0448645
8.61 0.0450705
8.62 0.0452682
8.63 0.0454577
8.64 0.0456389
8.65 0.0458118
8.66 0.0459764
8.67 0.0461326
8.68 0.0462803
8.69 0.0464197
8.7 0.0465506
8.71 0.046673
8.72 0.0467869
8.73 0.0468922
8.74 0.0469891
8.75 0.0470773
8.76 0.047157
8.77 0.0472281
8.78 0.0472906
8.79 0.0473445
8.8 0.0473897
8.81 0.0474263
8.82 0.0474543
8.83 0.0474736
8.84 0.0474842
8.85 0.0474862
8.86 0.0474796
8.87 0.0474642
8.88 0.0474403
8.89 0.0474076
8.9 0.0473664
8.91 0.0473165
8.92 0.0472579
8.93 0.0471908
8.94 0.047115
8.95 0.0470307
8.96 0.0469378
8.97 0.0468363
8.98 0.0467263
8.99 0.0466077
9 0.0464807
9.01 0.0463451
9.02 0.0462012
9.03 0.0460488
9.04 0.0458879
9.05 0.0457188
9.06 0.0455412
9.07 0.0453554
9.08 0.0451613
9.09 0.044959
9.1 0.0447484
9.11 0.0445297
9.12 0.0443029
9.13 0.044068
9.14 0.043825
9.15 0.0435741
9.16 0.0433151
9.17 0.0430483
9.18 0.0427737
9.19 0.0424912
9.2 0.042201
9.21 0.041903
9.22 0.0415974
9.23 0.0412843
9.24 0.0409635
9.25 0.0406354
9.26 0.0402997
9.27 0.0399568
9.28 0.0396065
9.29 0.039249
9.3 0.0388844
9.31 0.0385126
9.32 0.0381338
9.33 0.0377481
9.34 0.0373554
9.35 0.036956
9.36 0.0365498
9.37 0.0361369
9.38 0.0357174
9.39 0.0352914
9.4 0.0348589
9.41 0.0344201
9.42 0.033975
9.43 0.0335237
9.44 0.0330662
9.45 0.0326027
9.46 0.0321333
9.47 0.031658
9.48 0.0311769
9.49 0.0306901
9.5 0.0301977
9.51 0.0296998
9.52 0.0291965
9.53 0.0286878
9.54 0.0281739
9.55 0.0276549
9.56 0.0271307
9.57 0.0266017
9.58 0.0260677
9.59 0.025529
9.6 0.0249857
9.61 0.0244378
9.62 0.0238854
9.63 0.0233286
9.64 0.0227676
9.65 0.0222024
9.66 0.0216331
9.67 0.02106
9.68 0.0204829
9.69 0.0199021
9.7 0.0193177
9.71 0.0187297
9.72 0.0181383
9.73 0.0175436
9.74 0.0169457
9.75 0.0163447
9.76 0.0157407
9.77 0.0151338
9.78 0.0145242
9.79 0.0139119
9.8 0.0132971
9.81 0.0126798
9.82 0.0120602
9.83 0.0114384
9.84 0.0108145
9.85 0.0101886
9.86 0.00956091
9.87 0.00893143
9.88 0.00830032
9.89 0.00766768
9.9 0.00703365
9.91 0.00639833
9.92 0.00576184
9.93 0.00512429
9.94 0.00448581
9.95 0.0038465
9.96 0.00320649
9.97 0.0025659
9.98 0.00192484
9.99 0.00128342
10 0.000641768
