0.01 6.0003e-06
0.02 2.39997e-05
0.03 5.39906e-05
0.04 9.59584e-05
0.05 0.000149882
0.06 0.000215734
0.07 0.00029348
0.08 0.000383079
0.09 0.000484483
0.1 0.00059764
0.11 0.000722487
0.12 0.000858959
0.13 0.00100698
0.14 0.00116648
0.15 0.00133736
0.16 0.00151953
0.17 0.0017129
0.18 0.00191736
0.19 0.0021328
0.2 0.0023591
0.21 0.00259614
0.22 0.00284379
0.23 0.00310191
0.24 0.00337037
0.25 0.00364902
0.26 0.00393771
0.27 0.00423628
0.28 0.00454456
0.29 0.00486239
0.3 0.00518959
0.31 0.00552598
0.32 0.00587139
0.33 0.00622561
0.34 0.00658847
0.35 0.00695974
0.36 0.00733924
0.37 0.00772676
0.38 0.00812207
0.39 0.00852497
0.4 0.00893522
0.41 0.00935261
0.42 0.00977691
0.43 0.0102079
0.44 0.0106453
0.45 0.0110888
0.46 0.0115384
0.47 0.0119936
0.48 0.0124542
0.49 0.0129201
0.5 0.0133908
0.51 0.0138663
0.52 0.0143461
0.53 0.01483
0.54 0.0153178
0.55 0.0158092
0.56 0.0163039
0.57 0.0168017
0.58 0.0173022
0.59 0.0178051
0.6 0.0183103
0.61 0.0188173
0.62 0.019326
0.63 0.019836
0.64 0.020347
0.65 0.0208588
0.66 0.0213711
0.67 0.0218835
0.68 0.0223958
0.69 0.0229077
0.7 0.0234189
0.71 0.023929
0.72 0.0244379
0.73 0.0249452
0.74 0.0254505
0.75 0.0259538
0.76 0.0264545
0.77 0.0269525
0.78 0.0274474
0.79 0.0279391
0.8 0.028427
0.81 0.0289111
0.82 0.029391
0.83 0.0298663
0.84 0.0303369
0.85 0.0308025
0.86 0.0312628
0.87 0.0317174
0.88 0.0321662
0.89 0.0326088
0.9 0.033045
0.91 0.0334745
0.92 0.0338971
0.93 0.0343125
0.94 0.0347204
0.95 0.0351206
0.96 0.0355129
0.97 0.0358969
0.98 0.0362725
0.99 0.0366393
1 0.0369973
1.01 0.037346
1.02 0.0376854
1.03 0.0380151
1.04 0.0383351
1.05 0.0386449
1.06 0.0389445
1.07 0.0392337
1.08 0.0395121
1.09 0.0397797
1.1 0.0400362
1.11 0.0402815
1.12 0.0405154
1.13 0.0407377
1.14 0.0409481
1.15 0.0411467
1.16 0.0413331
1.17 0.0415073
1.18 0.0416691
1.19 0.0418184
1.2 0.0419549
1.21 0.0420787
1.22 0.0421895
1.23 0.0422873
1.24 0.0423718
1.25 0.0424431
1.26 0.0425011
1.27 0.0425455
1.28 0.0425764
1.29 0.0425936
1.3 0.0425971
1.31 0.0425868
1.32 0.0425627
1.33 0.0425246
1.34 0.0424726
1.35 0.0424065
1.36 0.0423265
1.37 0.0422323
1.38 0.042124
1.39 0.0420016
1.4 0.0418651
1.41 0.0417145
1.42 0.0415497
1.43 0.0413707
1.44 0.0411777
1.45 0.0409706
1.46 0.0407494
1.47 0.0405142
1.48 0.040265
1.49 0.0400018
1.5 0.0397248
1.51 0.0394339
1.52 0.0391293
1.53 0.038811
1.54 0.0384791
1.55 0.0381337
1.56 0.0377748
1.57 0.0374026
1.58 0.0370172
1.59 0.0366186
1.6 0.0362071
1.61 0.0357827
1.62 0.0353455
1.63 0.0348957
1.64 0.0344335
1.65 0.0339589
1.66 0.0334721
1.67 0.0329733
1.68 0.0324626
1.69 0.0319403
1.7 0.0314064
1.71 0.0308612
1.72 0.0303049
1.73 0.0297376
1.74 0.0291595
1.75 0.0285708
1.76 0.0279717
1.77 0.0273625
1.78 0.0267434
1.79 0.0261144
1.8 0.025476
1.81 0.0248283
1.82 0.0241716
1.83 0.023506
1.84 0.0228318
1.85 0.0221493
1.86 0.0214586
1.87 0.0207602
1.88 0.0200541
1.89 0.0193407
1.9 0.0186202
1.91 0.0178928
1.92 0.0171589
1.93 0.0164187
1.94 0.0156725
1.95 0.0149206
1.96 0.0141631
1.97 0.0134005
1.98 0.0126329
1.99 0.0118607
2 0.0110842
2.01 0.0103035
2.02 0.00951914
2.03 0.00873124
2.04 0.00794014
2.05 0.00714612
2.06 0.00634949
2.07 0.00555052
2.08 0.00474951
2.09 0.00394677
2.1 0.00314258
2.11 0.00233723
2.12 0.00153103
2.13 0.000724272
2.14 -8.27534e-05
2.15 -0.000889749
2.16 -0.00169642
2.17 -0.00250247
2.18 -0.00330761
2.19 -0.00411153
2.2 -0.00491396
2.21 -0.0057146
2.22 -0.00651315
2.23 -0.00730933
2.24 -0.00810285
2.25 -0.00889342
2.26 -0.00968076
2.27 -0.0104646
2.28 -0.0112446
2.29 -0.0120205
2.3 -0.0127921
2.31 -0.0135591
2.32 -0.0143212
2.33 -0.015078
2.34 -0.0158295
2.35 -0.0165752
2.36 -0.017315
2.37 -0.0180485
2.38 -0.0187755
2.39 -0.0194958
2.4 -0.0202091
2.41 -0.0209151
2.42 -0.0216137
2.43 -0.0223045
2.44 -0.0229874
2.45 -0.0236621
2.46 -0.0243283
2.47 -0.0249859
2.48 -0.0256345
2.49 -0.0262741
2.5 -0.0269044
2.51 -0.0275252
2.52 -0.0281362
2.53 -0.0287373
2.54 -0.0293282
2.55 -0.0299088
2.56 -0.0304789
2.57 -0.0310383
2.58 -0.0315869
2.59 -0.0321243
2.6 -0.0326506
2.61 -0.0331654
2.62 -0.0336687
2.63 -0.0341602
2.64 -0.0346399
2.65 -0.0351076
2.66 -0.0355631
2.67 -0.0360064
2.68 -0.0364372
2.69 -0.0368554
2.7 -0.037261
2.71 -0.0376538
2.72 -0.0380336
2.73 -0.0384005
2.74 -0.0387542
2.75 -0.0390947
2.76 -0.0394219
2.77 -0.0397358
2.78 -0.0400361
2.79 -0.0403229
2.8 -0.040596
2.81 -0.0408555
2.82 -0.0411012
2.83 -0.0413331
2.84 -0.0415511
2.85 -0.0417552
2.86 -0.0419454
2.87 -0.0421215
2.88 -0.0422837
2.89 -0.0424318
2.9 -0.0425658
2.91 -0.0426858
2.92 -0.0427916
2.93 -0.0428834
2.94 -0.042961
2.95 -0.0430245
2.96 -0.043074
2.97 -0.0431094
2.98 -0.0431307
2.99 -0.0431379
3 -0.0431312
3.01 -0.0431104
3.02 -0.0430757
3.03 -0.0430272
3.04 -0.0429647
3.05 -0.0428884
3.06 -0.0427984
3.07 -0.0426947
3.08 -0.0425773
3.09 -0.0424463
3.1 -0.0423019
3.11 -0.042144
3.12 -0.0419728
3.13 -0.0417883
3.14 -0.0415906
3.15 -0.0413799
3.16 -0.0411561
3.17 -0.0409195
3.18 -0.04067
3.19 -0.0404079
3.2 -0.0401332
3.21 -0.039846
3.22 -0.0395465
3.23 -0.0392347
3.24 -0.0389109
3.25 -0.038575
3.26 -0.0382273
3.27 -0.0378679
3.28 -0.0374969
3.29 -0.0371145
3.3 -0.0367207
3.31 -0.0363158
3.32 -0.0358999
3.33 -0.0354731
3.34 -0.0350357
3.35 -0.0345876
3.36 -0.0341292
3.37 -0.0336605
3.38 -0.0331818
3.39 -0.0326931
3.4 -0.0321948
3.41 -0.0316868
3.42 -0.0311695
3.43 -0.0306429
3.44 -0.0301073
3.45 -0.0295628
3.46 -0.0290096
3.47 -0.0284479
3.48 -0.0278779
3.49 -0.0272997
3.5 -0.0267136
3.51 -0.0261197
3.52 -0.0255182
3.53 -0.0249093
3.54 -0.0242932
3.55 -0.0236702
3.56 -0.0230403
3.57 -0.0224038
3.58 -0.0217609
3.59 -0.0211117
3.6 -0.0204566
3.61 -0.0197956
3.62 -0.019129
3.63 -0.0184569
3.64 -0.0177797
3.65 -0.0170974
3.66 -0.0164103
3.67 -0.0157185
3.68 -0.0150224
3.69 -0.0143221
3.7 -0.0136177
3.71 -0.0129096
3.72 -0.0121979
3.73 -0.0114827
3.74 -0.0107644
3.75 -0.0100432
3.76 -0.00931909
3.77 -0.00859246
3.78 -0.00786347
3.79 -0.00713231
3.8 -0.0063992
3.81 -0.00566435
3.82 -0.00492794
3.83 -0.00419019
3.84 -0.0034513
3.85 -0.00271147
3.86 -0.00197091
3.87 -0.00122982
3.88 -0.000488391
3.89 0.000253168
3.9 0.000994658
3.91 0.00173588
3.92 0.00247664
3.93 0.00321673
3.94 0.00395597
3.95 0.00469415
3.96 0.00543108
3.97 0.00616657
3.98 0.00690042
3.99 0.00763244
4 0.00836244
4.01 0.00909024
4.02 0.00981564
4.03 0.0105385
4.04 0.0112585
4.05 0.0119756
4.06 0.0126896
4.07 0.0134002
4.08 0.0141073
4.09 0.0148108
4.1 0.0155104
4.11 0.016206
4.12 0.0168974
4.13 0.0175844
4.14 0.0182668
4.15 0.0189445
4.16 0.0196174
4.17 0.0202852
4.18 0.0209478
4.19 0.0216049
4.2 0.0222566
4.21 0.0229026
4.22 0.0235426
4.23 0.0241767
4.24 0.0248046
4.25 0.0254262
4.26 0.0260414
4.27 0.0266499
4.28 0.0272516
4.29 0.0278465
4.3 0.0284343
4.31 0.0290149
4.32 0.0295882
4.33 0.030154
4.34 0.0307122
4.35 0.0312627
4.36 0.0318054
4.37 0.0323401
4.38 0.0328666
4.39 0.033385
4.4 0.033895
4.41 0.0343965
4.42 0.0348894
4.43 0.0353737
4.44 0.0358491
4.45 0.0363157
4.46 0.0367732
4.47 0.0372216
4.48 0.0376607
4.49 0.0380905
4.5 0.0385109
4.51 0.0389218
4.52 0.0393231
4.53 0.0397147
4.54 0.0400965
4.55 0.0404684
4.56 0.0408304
4.57 0.0411823
4.58 0.0415241
4.59 0.0418558
4.6 0.0421772
4.61 0.0424882
4.62 0.0427889
4.63 0.0430791
4.64 0.0433588
4.65 0.0436279
4.66 0.0438864
4.67 0.0441342
4.68 0.0443712
4.69 0.0445975
4.7 0.0448129
4.71 0.0450175
4.72 0.0452111
4.73 0.0453937
4.74 0.0455654
4.75 0.045726
4.76 0.0458756
4.77 0.0460141
4.78 0.0461414
4.79 0.0462576
4.8 0.0463627
4.81 0.0464566
4.82 0.0465393
4.83 0.0466108
4.84 0.0466711
4.85 0.0467201
4.86 0.046758
4.87 0.0467846
4.88 0.0467999
4.89 0.0468041
4.9 0.046797
4.91 0.0467787
4.92 0.0467493
4.93 0.0467086
4.94 0.0466568
4.95 0.0465938
4.96 0.0465197
4.97 0.0464344
4.98 0.0463381
4.99 0.0462308
5 0.0461124
5.01 0.045983
5.02 0.0458427
5.03 0.0456915
5.04 0.0455294
5.05 0.0453565
5.06 0.0451728
5.07 0.0449783
5.08 0.0447732
5.09 0.0445574
5.1 0.0443311
5.11 0.0440943
5.12 0.043847
5.13 0.0435893
5.14 0.0433213
5.15 0.043043
5.16 0.0427546
5.17 0.042456
5.18 0.0421474
5.19 0.0418288
5.2 0.0415003
5.21 0.0411621
5.22 0.0408141
5.23 0.0404564
5.24 0.0400892
5.25 0.0397126
5.26 0.0393266
5.27 0.0389313
5.28 0.0385269
5.29 0.0381133
5.3 0.0376908
5.31 0.0372594
5.32 0.0368193
5.33 0.0363705
5.34 0.0359131
5.35 0.0354472
5.36 0.0349731
5.37 0.0344907
5.38 0.0340002
5.39 0.0335017
5.4 0.0329954
5.41 0.0324812
5.42 0.0319595
5.43 0.0314303
5.44 0.0308937
5.45 0.0303498
5.46 0.0297988
5.47 0.0292409
5.48 0.028676
5.49 0.0281045
5.5 0.0275263
5.51 0.0269418
5.52 0.0263509
5.53 0.0257538
5.54 0.0251507
5.55 0.0245417
5.56 0.0239269
5.57 0.0233066
5.58 0.0226808
5.59 0.0220497
5.6 0.0214134
5.61 0.0207722
5.62 0.020126
5.63 0.0194752
5.64 0.0188198
5.65 0.01816
5.66 0.017496
5.67 0.0168278
5.68 0.0161558
5.69 0.0154799
5.7 0.0148005
5.71 0.0141176
5.72 0.0134314
5.73 0.012742
5.74 0.0120497
5.75 0.0113546
5.76 0.0106568
5.77 0.00995651
5.78 0.00925392
5.79 0.00854916
5.8 0.00784241
5.81 0.00713383
5.82 0.00642358
5.83 0.00571183
5.84 0.00499876
5.85 0.00428451
5.86 0.00356927
5.87 0.00285319
5.88 0.00213645
5.89 0.00141921
5.9 0.00070164
5.91 -1.60948e-05
5.92 -0.000733825
5.93 -0.00145138
5.94 -0.00216861
5.95 -0.00288532
5.96 -0.00360136
5.97 -0.00431657
5.98 -0.00503077
5.99 -0.00574379
6 -0.00645548
6.01 -0.00716566
6.02 -0.00787417
6.03 -0.00858085
6.04 -0.00928552
6.05 -0.00998804
6.06 -0.0106882
6.07 -0.0113859
6.08 -0.012081
6.09 -0.0127732
6.1 -0.0134624
6.11 -0.0141486
6.12 -0.0148314
6.13 -0.0155107
6.14 -0.0161865
6.15 -0.0168585
6.16 -0.0175265
6.17 -0.0181905
6.18 -0.0188502
6.19 -0.0195056
6.2 -0.0201564
6.21 -0.0208025
6.22 -0.0214437
6.23 -0.02208
6.24 -0.0227111
6.25 -0.023337
6.26 -0.0239573
6.27 -0.0245722
6.28 -0.0251813
6.29 -0.0257845
6.3 -0.0263817
6.31 -0.0269728
6.32 -0.0275576
6.33 -0.0281359
6.34 -0.0287078
6.35 -0.0292729
6.36 -0.0298312
6.37 -0.0303826
6.38 -0.0309268
6.39 -0.0314639
6.4 -0.0319937
6.41 -0.032516
6.42 -0.0330307
6.43 -0.0335377
6.44 -0.0340369
6.45 -0.0345282
6.46 -0.0350115
6.47 -0.0354866
6.48 -0.0359534
6.49 -0.0364118
6.5 -0.0368618
6.51 -0.0373031
6.52 -0.0377358
6.53 -0.0381597
6.54 -0.0385747
6.55 -0.0389807
6.56 -0.0393776
6.57 -0.0397653
6.58 -0.0401438
6.59 -0.0405129
6.6 -0.0408726
6.61 -0.0412227
6.62 -0.0415633
6.63 -0.0418941
6.64 -0.0422152
6.65 -0.0425264
6.66 -0.0428278
6.67 -0.0431191
6.68 -0.0434004
6.69 -0.0436716
6.7 -0.0439326
6.71 -0.0441833
6.72 -0.0444238
6.73 -0.0446539
6.74 -0.0448735
6.75 -0.0450827
6.76 -0.0452814
6.77 -0.0454696
6.78 -0.0456471
6.79 -0.045814
6.8 -0.0459702
6.81 -0.0461157
6.82 -0.0462504
6.83 -0.0463743
6.84 -0.0464874
6.85 -0.0465897
6.86 -0.0466811
6.87 -0.0467616
6.88 -0.0468311
6.89 -0.0468898
6.9 -0.0469375
6.91 -0.0469743
6.92 -0.0470001
6.93 -0.0470149
6.94 -0.0470188
6.95 -0.0470116
6.96 -0.0469935
6.97 -0.0469645
6.98 -0.0469244
6.99 -0.0468735
7 -0.0468115
7.01 -0.0467387
7.02 -0.0466549
7.03 -0.0465602
7.04 -0.0464547
7.05 -0.0463383
7.06 -0.0462111
7.07 -0.0460731
7.08 -0.0459243
7.09 -0.0457648
7.1 -0.0455946
7.11 -0.0454137
7.12 -0.0452223
7.13 -0.0450203
7.14 -0.0448077
7.15 -0.0445847
7.16 -0.0443513
7.17 -0.0441075
7.18 -0.0438534
7.19 -0.043589
7.2 -0.0433145
7.21 -0.0430298
7.22 -0.0427351
7.23 -0.0424304
7.24 -0.0421157
7.25 -0.0417913
7.26 -0.041457
7.27 -0.041113
7.28 -0.0407595
7.29 -0.0403964
7.3 -0.0400238
7.31 -0.0396419
7.32 -0.0392507
7.33 -0.0388504
7.34 -0.0384409
7.35 -0.0380225
7.36 -0.0375951
7.37 -0.037159
7.38 -0.0367141
7.39 -0.0362607
7.4 -0.0357988
7.41 -0.0353285
7.42 -0.03485
7.43 -0.0343632
7.44 -0.0338685
7.45 -0.0333658
7.46 -0.0328553
7.47 -0.0323371
7.48 -0.0318113
7.49 -0.0312781
7.5 -0.0307376
7.51 -0.0301899
7.52 -0.029635
7.53 -0.0290733
7.54 -0.0285047
7.55 -0.0279295
7.56 -0.0273477
7.57 -0.0267596
7.58 -0.0261651
7.59 -0.0255645
7.6 -0.0249579
7.61 -0.0243455
7.62 -0.0237274
7.63 -0.0231037
7.64 -0.0224746
7.65 -0.0218402
7.66 -0.0212008
7.67 -0.0205563
7.68 -0.019907
7.69 -0.0192531
7.7 -0.0185946
7.71 -0.0179318
7.72 -0.0172648
7.73 -0.0165937
7.74 -0.0159188
7.75 -0.0152401
7.76 -0.0145578
7.77 -0.0138721
7.78 -0.0131832
7.79 -0.0124911
7.8 -0.0117962
7.81 -0.0110984
7.82 -0.0103981
7.83 -0.00969533
7.84 -0.00899028
7.85 -0.00828313
7.86 -0.00757402
7.87 -0.00686315
7.88 -0.00615066
7.89 -0.00543672
7.9 -0.00472151
7.91 -0.00400519
7.92 -0.00328793
7.93 -0.0025699
7.94 -0.00185127
7.95 -0.0011322
7.96 -0.000412865
7.97 0.000306567
7.98 0.00102593
7.99 0.00174505
8 0.00246375
8.01 0.00318189
8.02 0.00389927
8.03 0.00461573
8.04 0.00533112
8.05 0.00604525
8.06 0.00675796
8.07 0.00746908
8.08 0.00817844
8.09 0.00888589
8.1 0.00959124
8.11 0.0102943
8.12 0.010995
8.13 0.0116931
8.14 0.0123885
8.15 0.0130809
8.16 0.0137703
8.17 0.0144564
8.18 0.0151391
8.19 0.0158183
8.2 0.0164937
8.21 0.0171653
8.22 0.0178328
8.23 0.0184961
8.24 0.0191551
8.25 0.0198096
8.26 0.0204594
8.27 0.0211044
8.28 0.0217445
8.29 0.0223794
8.3 0.023009
8.31 0.0236333
8.32 0.024252
8.33 0.0248649
8.34 0.0254721
8.35 0.0260732
8.36 0.0266682
8.37 0.0272569
8.38 0.0278392
8.39 0.0284149
8.4 0.028984
8.41 0.0295462
8.42 0.0301015
8.43 0.0306497
8.44 0.0311906
8.45 0.0317242
8.46 0.0322504
8.47 0.0327689
8.48 0.0332798
8.49 0.0337828
8.5 0.0342778
8.51 0.0347648
8.52 0.0352436
8.53 0.035714
8.54 0.0361761
8.55 0.0366296
8.56 0.0370745
8.57 0.0375107
8.58 0.037938
8.59 0.0383564
8.6 0.0387657
8.61 0.0391659
8.62 0.0395569
8.63 0.0399385
8.64 0.0403108
8.65 0.0406735
8.66 0.0410266
8.67 0.0413701
8.68 0.0417038
8.69 0.0420277
8.7 0.0423416
8.71 0.0426456
8.72 0.0429395
8.73 0.0432233
8.74 0.0434969
8.75 0.0437603
8.76 0.0440133
8.77 0.0442559
8.78 0.0444881
8.79 0.0447098
8.8 0.0449209
8.81 0.0451215
8.82 0.0453114
8.83 0.0454906
8.84 0.0456591
8.85 0.0458168
8.86 0.0459636
8.87 0.0460997
8.88 0.0462248
8.89 0.0463391
8.9 0.0464424
8.91 0.0465347
8.92 0.046616
8.93 0.0466864
8.94 0.0467457
8.95 0.046794
8.96 0.0468312
8.97 0.0468574
8.98 0.0468725
8.99 0.0468765
9 0.0468695
9.01 0.0468514
9.02 0.0468222
9.03 0.046782
9.04 0.0467307
9.05 0.0466684
9.06 0.0465951
9.07 0.0465107
9.08 0.0464154
9.09 0.046309
9.1 0.0461918
9.11 0.0460636
9.12 0.0459245
9.13 0.0457746
9.14 0.0456139
9.15 0.0454424
9.16 0.0452601
9.17 0.0450672
9.18 0.0448636
9.19 0.0446494
9.2 0.0444246
9.21 0.0441893
9.22 0.0439436
9.23 0.0436875
9.24 0.0434211
9.25 0.0431443
9.26 0.0428574
9.27 0.0425604
9.28 0.0422533
9.29 0.0419362
9.3 0.0416091
9.31 0.0412723
9.32 0.0409256
9.33 0.0405693
9.34 0.0402034
9.35 0.039828
9.36 0.0394432
9.37 0.039049
9.38 0.0386456
9.39 0.038233
9.4 0.0378114
9.41 0.0373808
9.42 0.0369414
9.43 0.0364933
9.44 0.0360365
9.45 0.0355712
9.46 0.0350974
9.47 0.0346154
9.48 0.0341252
9.49 0.0336269
9.5 0.0331206
9.51 0.0326065
9.52 0.0320846
9.53 0.0315552
9.54 0.0310183
9.55 0.030474
9.56 0.0299226
9.57 0.029364
9.58 0.0287985
9.59 0.0282262
9.6 0.0276472
9.61 0.0270616
9.62 0.0264696
9.63 0.0258714
9.64 0.025267
9.65 0.0246567
9.66 0.0240405
9.67 0.0234186
9.68 0.0227911
9.69 0.0221583
9.7 0.0215202
9.71 0.020877
9.72 0.0202289
9.73 0.0195759
9.74 0.0189184
9.75 0.0182563
9.76 0.0175899
9.77 0.0169194
9.78 0.0162448
9.79 0.0155664
9.8 0.0148843
9.81 0.0141986
9.82 0.0135096
9.83 0.0128174
9.84 0.0121222
9.85 0.0114241
9.86 0.0107233
9.87 0.0100199
9.88 0.00931415
9.89 0.0086062
9.9 0.00789621
9.91 0.00718434
9.92 0.00647078
9.93 0.00575567
9.94 0.0050392
9.95 0.00432154
9.96 0.00360285
9.97 0.00288331
9.98 0.00216308
9.99 0.00144234
10 0.000721254
