0.01 6.02904e-06
0.02 2.41128e-05
0.03 5.42406e-05
0.04 9.63952e-05
0.05 0.000150553
0.06 0.000216683
0.07 0.000294748
0.08 0.000384705
0.09 0.000486504
0.1 0.000600087
0.11 0.000725393
0.12 0.000862352
0.13 0.00101089
0.14 0.00117092
0.15 0.00134235
0.16 0.0015251
0.17 0.00171906
0.18 0.00192412
0.19 0.00214017
0.2 0.00236709
0.21 0.00260475
0.22 0.00285303
0.23 0.00311179
0.24 0.00338088
0.25 0.00366016
0.26 0.00394947
0.27 0.00424865
0.28 0.00455754
0.29 0.00487596
0.3 0.00520374
0.31 0.0055407
0.32 0.00588665
0.33 0.0062414
0.34 0.00660476
0.35 0.00697652
0.36 0.00735647
0.37 0.00774441
0.38 0.00814012
0.39 0.00854338
0.4 0.00895397
0.41 0.00937165
0.42 0.0097962
0.43 0.0102274
0.44 0.010665
0.45 0.0111087
0.46 0.0115583
0.47 0.0120135
0.48 0.0124742
0.49 0.01294
0.5 0.0134106
0.51 0.0138859
0.52 0.0143655
0.53 0.0148491
0.54 0.0153366
0.55 0.0158276
0.56 0.0163219
0.57 0.0168191
0.58 0.017319
0.59 0.0178213
0.6 0.0183257
0.61 0.0188319
0.62 0.0193397
0.63 0.0198488
0.64 0.0203588
0.65 0.0208695
0.66 0.0213805
0.67 0.0218917
0.68 0.0224026
0.69 0.022913
0.7 0.0234226
0.71 0.0239312
0.72 0.0244383
0.73 0.0249438
0.74 0.0254472
0.75 0.0259484
0.76 0.0264471
0.77 0.0269428
0.78 0.0274354
0.79 0.0279246
0.8 0.02841
0.81 0.0288914
0.82 0.0293685
0.83 0.029841
0.84 0.0303086
0.85 0.0307711
0.86 0.0312281
0.87 0.0316794
0.88 0.0321246
0.89 0.0325636
0.9 0.0329961
0.91 0.0334218
0.92 0.0338403
0.93 0.0342515
0.94 0.0346552
0.95 0.0350509
0.96 0.0354386
0.97 0.0358179
0.98 0.0361886
0.99 0.0365505
1 0.0369032
1.01 0.0372467
1.02 0.0375806
1.03 0.0379047
1.04 0.0382189
1.05 0.0385228
1.06 0.0388163
1.07 0.0390992
1.08 0.0393712
1.09 0.0396322
1.1 0.039882
1.11 0.0401203
1.12 0.0403471
1.13 0.040562
1.14 0.0407651
1.15 0.040956
1.16 0.0411347
1.17 0.0413009
1.18 0.0414545
1.19 0.0415954
1.2 0.0417235
1.21 0.0418385
1.22 0.0419404
1.23 0.0420291
1.24 0.0421044
1.25 0.0421663
1.26 0.0422146
1.27 0.0422492
1.28 0.0422701
1.29 0.0422772
1.3 0.0422703
1.31 0.0422495
1.32 0.0422146
1.33 0.0421656
1.34 0.0421025
1.35 0.0420252
1.36 0.0419336
1.37 0.0418278
1.38 0.0417077
1.39 0.0415734
1.4 0.0414247
1.41 0.0412616
1.42 0.0410843
1.43 0.0408927
1.44 0.0406868
1.45 0.0404667
1.46 0.0402323
1.47 0.0399837
1.48 0.039721
1.49 0.0394442
1.5 0.0391534
1.51 0.0388485
1.52 0.0385298
1.53 0.0381973
1.54 0.037851
1.55 0.037491
1.56 0.0371175
1.57 0.0367306
1.58 0.0363303
1.59 0.0359168
1.6 0.0354901
1.61 0.0350505
1.62 0.0345981
1.63 0.034133
1.64 0.0336553
1.65 0.0331652
1.66 0.0326628
1.67 0.0321484
1.68 0.0316221
1.69 0.031084
1.7 0.0305344
1.71 0.0299734
1.72 0.0294012
1.73 0.0288181
1.74 0.0282242
1.75 0.0276197
1.76 0.0270049
1.77 0.0263799
1.78 0.0257451
1.79 0.0251005
1.8 0.0244465
1.81 0.0237833
1.82 0.023111
1.83 0.0224301
1.84 0.0217407
1.85 0.021043
1.86 0.0203374
1.87 0.0196241
1.88 0.0189033
1.89 0.0181754
1.9 0.0174405
1.91 0.016699
1.92 0.0159512
1.93 0.0151972
1.94 0.0144375
1.95 0.0136723
1.96 0.0129019
1.97 0.0121265
1.98 0.0113465
1.99 0.0105622
2 0.00977387
2.01 0.00898178
2.02 0.00818626
2.03 0.0073876
2.04 0.00658612
2.05 0.00578212
2.06 0.00497591
2.07 0.00416779
2.08 0.00335808
2.09 0.00254708
2.1 0.00173511
2.11 0.00092247
2.12 0.000109479
2.13 -0.000703555
2.14 -0.00151632
2.15 -0.0023285
2.16 -0.00313979
2.17 -0.00394988
2.18 -0.00475846
2.19 -0.00556522
2.2 -0.00636985
2.21 -0.00717204
2.22 -0.00797149
2.23 -0.00876789
2.24 -0.00956094
2.25 -0.0103503
2.26 -0.0111358
2.27 -0.011917
2.28 -0.0126936
2.29 -0.0134654
2.3 -0.0142321
2.31 -0.0149933
2.32 -0.0157489
2.33 -0.0164984
2.34 -0.0172417
2.35 -0.0179784
2.36 -0.0187083
2.37 -0.0194311
2.38 -0.0201465
2.39 -0.0208542
2.4 -0.0215541
2.41 -0.0222458
2.42 -0.0229291
2.43 -0.0236037
2.44 -0.0242694
2.45 -0.0249259
2.46 -0.0255731
2.47 -0.0262106
2.48 -0.0268382
2.49 -0.0274558
2.5 -0.028063
2.51 -0.0286597
2.52 -0.0292456
2.53 -0.0298207
2.54 -0.0303845
2.55 -0.030937
2.56 -0.0314779
2.57 -0.0320071
2.58 -0.0325244
2.59 -0.0330296
2.6 -0.0335225
2.61 -0.034003
2.62 -0.0344708
2.63 -0.0349259
2.64 -0.0353681
2.65 -0.0357973
2.66 -0.0362132
2.67 -0.0366158
2.68 -0.0370049
2.69 -0.0373805
2.7 -0.0377423
2.71 -0.0380903
2.72 -0.0384244
2.73 -0.0387445
2.74 -0.0390504
2.75 -0.0393422
2.76 -0.0396196
2.77 -0.0398827
2.78 -0.0401313
2.79 -0.0403654
2.8 -0.0405849
2.81 -0.0407898
2.82 -0.0409801
2.83 -0.0411556
2.84 -0.0413163
2.85 -0.0414623
2.86 -0.0415934
2.87 -0.0417097
2.88 -0.0418112
2.89 -0.0418977
2.9 -0.0419695
2.91 -0.0420263
2.92 -0.0420683
2.93 -0.0420955
2.94 -0.0421079
2.95 -0.0421054
2.96 -0.0420882
2.97 -0.0420563
2.98 -0.0420096
2.99 -0.0419483
3 -0.0418725
3.01 -0.041782
3.02 -0.0416771
3.03 -0.0415578
3.04 -0.0414242
3.05 -0.0412763
3.06 -0.0411142
3.07 -0.040938
3.08 -0.0407478
3.09 -0.0405436
3.1 -0.0403257
3.11 -0.0400941
3.12 -0.0398489
3.13 -0.0395901
3.14 -0.039318
3.15 -0.0390327
3.16 -0.0387343
3.17 -0.0384228
3.18 -0.0380985
3.19 -0.0377615
3.2 -0.0374119
3.21 -0.0370499
3.22 -0.0366756
3.23 -0.0362891
3.24 -0.0358907
3.25 -0.0354805
3.26 -0.0350586
3.27 -0.0346252
3.28 -0.0341805
3.29 -0.0337247
3.3 -0.0332579
3.31 -0.0327803
3.32 -0.0322921
3.33 -0.0317935
3.34 -0.0312846
3.35 -0.0307657
3.36 -0.0302369
3.37 -0.0296985
3.38 -0.0291506
3.39 -0.0285934
3.4 -0.0280271
3.41 -0.027452
3.42 -0.0268682
3.43 -0.0262759
3.44 -0.0256754
3.45 -0.0250669
3.46 -0.0244505
3.47 -0.0238265
3.48 -0.023195
3.49 -0.0225564
3.5 -0.0219108
3.51 -0.0212585
3.52 -0.0205996
3.53 -0.0199344
3.54 -0.019263
3.55 -0.0185858
3.56 -0.0179029
3.57 -0.0172146
3.58 -0.0165211
3.59 -0.0158226
3.6 -0.0151193
3.61 -0.0144114
3.62 -0.0136993
3.63 -0.012983
3.64 -0.0122629
3.65 -0.0115391
3.66 -0.0108119
3.67 -0.0100815
3.68 -0.00934806
3.69 -0.00861191
3.7 -0.00787323
3.71 -0.00713224
3.72 -0.00638917
3.73 -0.00564423
3.74 -0.00489765
3.75 -0.00414964
3.76 -0.00340044
3.77 -0.00265026
3.78 -0.00189931
3.79 -0.00114781
3.8 -0.000395988
3.81 0.000355949
3.82 0.00110778
3.83 0.0018593
3.84 0.0026103
3.85 0.00336055
3.86 0.00410985
3.87 0.004858
3.88 0.00560478
3.89 0.00634999
3.9 0.00709343
3.91 0.00783488
3.92 0.00857415
3.93 0.00931105
3.94 0.0100454
3.95 0.0107769
3.96 0.0115055
3.97 0.0122309
3.98 0.0129529
3.99 0.0136714
4 0.0143862
4.01 0.015097
4.02 0.0158037
4.03 0.0165062
4.04 0.0172041
4.05 0.0178975
4.06 0.018586
4.07 0.0192695
4.08 0.0199478
4.09 0.0206208
4.1 0.0212883
4.11 0.0219501
4.12 0.022606
4.13 0.023256
4.14 0.0238998
4.15 0.0245373
4.16 0.0251683
4.17 0.0257926
4.18 0.0264102
4.19 0.0270209
4.2 0.0276245
4.21 0.0282209
4.22 0.0288099
4.23 0.0293914
4.24 0.0299653
4.25 0.0305315
4.26 0.0310897
4.27 0.0316399
4.28 0.032182
4.29 0.0327157
4.3 0.0332411
4.31 0.033758
4.32 0.0342662
4.33 0.0347657
4.34 0.0352563
4.35 0.035738
4.36 0.0362105
4.37 0.0366739
4.38 0.037128
4.39 0.0375728
4.4 0.038008
4.41 0.0384337
4.42 0.0388497
4.43 0.039256
4.44 0.0396524
4.45 0.0400389
4.46 0.0404155
4.47 0.0407819
4.48 0.0411382
4.49 0.0414843
4.5 0.04182
4.51 0.0421454
4.52 0.0424604
4.53 0.0427649
4.54 0.0430588
4.55 0.0433421
4.56 0.0436148
4.57 0.0438767
4.58 0.0441279
4.59 0.0443683
4.6 0.0445978
4.61 0.0448165
4.62 0.0450242
4.63 0.0452209
4.64 0.0454066
4.65 0.0455813
4.66 0.0457449
4.67 0.0458975
4.68 0.0460389
4.69 0.0461692
4.7 0.0462883
4.71 0.0463963
4.72 0.0464931
4.73 0.0465787
4.74 0.0466532
4.75 0.0467164
4.76 0.0467684
4.77 0.0468092
4.78 0.0468389
4.79 0.0468573
4.8 0.0468645
4.81 0.0468606
4.82 0.0468455
4.83 0.0468193
4.84 0.0467819
4.85 0.0467334
4.86 0.0466739
4.87 0.0466032
4.88 0.0465216
4.89 0.0464289
4.9 0.0463252
4.91 0.0462107
4.92 0.0460852
4.93 0.0459488
4.94 0.0458017
4.95 0.0456437
4.96 0.0454751
4.97 0.0452957
4.98 0.0451057
4.99 0.0449052
5 0.0446941
5.01 0.0444726
5.02 0.0442407
5.03 0.0439984
5.04 0.0437458
5.05 0.0434831
5.06 0.0432102
5.07 0.0429272
5.08 0.0426343
5.09 0.0423314
5.1 0.0420187
5.11 0.0416962
5.12 0.041364
5.13 0.0410222
5.14 0.040671
5.15 0.0403103
5.16 0.0399403
5.17 0.039561
5.18 0.0391726
5.19 0.0387751
5.2 0.0383687
5.21 0.0379534
5.22 0.0375293
5.23 0.0370966
5.24 0.0366554
5.25 0.0362057
5.26 0.0357477
5.27 0.0352814
5.28 0.0348071
5.29 0.0343247
5.3 0.0338345
5.31 0.0333365
5.32 0.0328308
5.33 0.0323176
5.34 0.031797
5.35 0.0312691
5.36 0.0307341
5.37 0.030192
5.38 0.029643
5.39 0.0290872
5.4 0.0285248
5.41 0.0279559
5.42 0.0273806
5.43 0.026799
5.44 0.0262113
5.45 0.0256176
5.46 0.0250181
5.47 0.0244129
5.48 0.0238021
5.49 0.0231859
5.5 0.0225644
5.51 0.0219378
5.52 0.0213062
5.53 0.0206697
5.54 0.0200286
5.55 0.0193828
5.56 0.0187327
5.57 0.0180784
5.58 0.0174199
5.59 0.0167574
5.6 0.0160912
5.61 0.0154213
5.62 0.0147479
5.63 0.0140712
5.64 0.0133913
5.65 0.0127083
5.66 0.0120225
5.67 0.0113339
5.68 0.0106428
5.69 0.00994925
5.7 0.00925346
5.71 0.00855557
5.72 0.00785575
5.73 0.00715416
5.74 0.00645094
5.75 0.00574627
5.76 0.0050403
5.77 0.00433318
5.78 0.00362509
5.79 0.00291618
5.8 0.00220661
5.81 0.00149655
5.82 0.000786142
5.83 7.55597e-05
5.84 -0.00063504
5.85 -0.0013455
5.86 -0.00205565
5.87 -0.00276534
5.88 -0.0034744
5.89 -0.00418268
5.9 -0.00489002
5.91 -0.00559626
5.92 -0.00630123
5.93 -0.00700479
5.94 -0.00770676
5.95 -0.008407
5.96 -0.00910535
5.97 -0.00980164
5.98 -0.0104957
5.99 -0.0111874
6 -0.0118767
6.01 -0.0125632
6.02 -0.0132469
6.03 -0.0139276
6.04 -0.0146052
6.05 -0.0152795
6.06 -0.0159503
6.07 -0.0166176
6.08 -0.0172811
6.09 -0.0179408
6.1 -0.0185964
6.11 -0.0192478
6.12 -0.0198949
6.13 -0.0205375
6.14 -0.0211755
6.15 -0.0218088
6.16 -0.0224371
6.17 -0.0230604
6.18 -0.0236785
6.19 -0.0242913
6.2 -0.0248986
6.21 -0.0255004
6.22 -0.0260964
6.23 -0.0266865
6.24 -0.0272706
6.25 -0.0278486
6.26 -0.0284204
6.27 -0.0289858
6.28 -0.0295446
6.29 -0.0300968
6.3 -0.0306423
6.31 -0.0311808
6.32 -0.0317124
6.33 -0.0322368
6.34 -0.032754
6.35 -0.0332639
6.36 -0.0337662
6.37 -0.034261
6.38 -0.0347481
6.39 -0.0352274
6.4 -0.0356988
6.41 -0.0361621
6.42 -0.0366174
6.43 -0.0370644
6.44 -0.037503
6.45 -0.0379333
6.46 -0.0383551
6.47 -0.0387682
6.48 -0.0391726
6.49 -0.0395682
6.5 -0.039955
6.51 -0.0403327
6.52 -0.0407014
6.53 -0.041061
6.54 -0.0414114
6.55 -0.0417524
6.56 -0.0420841
6.57 -0.0424063
6.58 -0.042719
6.59 -0.0430221
6.6 -0.0433155
6.61 -0.0435993
6.62 -0.0438732
6.63 -0.0441373
6.64 -0.0443914
6.65 -0.0446356
6.66 -0.0448698
6.67 -0.0450938
6.68 -0.0453078
6.69 -0.0455116
6.7 -0.0457051
6.71 -0.0458884
6.72 -0.0460614
6.73 -0.0462241
6.74 -0.0463763
6.75 -0.0465182
6.76 -0.0466496
6.77 -0.0467705
6.78 -0.0468809
6.79 -0.0469807
6.8 -0.0470701
6.81 -0.0471488
6.82 -0.047217
6.83 -0.0472745
6.84 -0.0473214
6.85 -0.0473577
6.86 -0.0473834
6.87 -0.0473983
6.88 -0.0474027
6.89 -0.0473964
6.9 -0.0473794
6.91 -0.0473518
6.92 -0.0473136
6.93 -0.0472647
6.94 -0.0472052
6.95 -0.0471351
6.96 -0.0470544
6.97 -0.0469631
6.98 -0.0468613
6.99 -0.0467489
7 -0.046626
7.01 -0.0464926
7.02 -0.0463488
7.03 -0.0461946
7.04 -0.0460299
7.05 -0.0458549
7.06 -0.0456697
7.07 -0.0454741
7.08 -0.0452683
7.09 -0.0450523
7.1 -0.0448262
7.11 -0.04459
7.12 -0.0443438
7.13 -0.0440876
7.14 -0.0438215
7.15 -0.0435456
7.16 -0.0432598
7.17 -0.0429643
7.18 -0.0426591
7.19 -0.0423444
7.2 -0.0420201
7.21 -0.0416863
7.22 -0.0413432
7.23 -0.0409908
7.24 -0.0406291
7.25 -0.0402583
7.26 -0.0398784
7.27 -0.0394896
7.28 -0.0390919
7.29 -0.0386853
7.3 -0.0382701
7.31 -0.0378462
7.32 -0.0374139
7.33 -0.0369731
7.34 -0.0365239
7.35 -0.0360666
7.36 -0.0356011
7.37 -0.0351276
7.38 -0.0346462
7.39 -0.034157
7.4 -0.0336601
7.41 -0.0331556
7.42 -0.0326436
7.43 -0.0321243
7.44 -0.0315978
7.45 -0.0310641
7.46 -0.0305234
7.47 -0.0299759
7.48 -0.0294216
7.49 -0.0288607
7.5 -0.0282932
7.51 -0.0277194
7.52 -0.0271393
7.53 -0.0265531
7.54 -0.025961
7.55 -0.025363
7.56 -0.0247592
7.57 -0.0241499
7.58 -0.0235351
7.59 -0.022915
7.6 -0.0222898
7.61 -0.0216595
7.62 -0.0210244
7.63 -0.0203845
7.64 -0.01974
7.65 -0.019091
7.66 -0.0184378
7.67 -0.0177804
7.68 -0.0171189
7.69 -0.0164536
7.7 -0.0157846
7.71 -0.0151121
7.72 -0.0144361
7.73 -0.0137569
7.74 -0.0130745
7.75 -0.0123892
7.76 -0.0117011
7.77 -0.0110104
7.78 -0.0103172
7.79 -0.00962167
7.8 -0.00892395
7.81 -0.00822422
7.82 -0.00752263
7.83 -0.00681935
7.84 -0.00611452
7.85 -0.00540831
7.86 -0.00470088
7.87 -0.00399239
7.88 -0.003283
7.89 -0.00257287
7.9 -0.00186215
7.91 -0.00115101
7.92 -0.000439617
7.93 0.000271878
7.94 0.000983313
7.95 0.00169452
7.96 0.00240535
7.97 0.00311564
7.98 0.00382522
7.99 0.00453394
8 0.00524163
8.01 0.00594813
8.02 0.0066533
8.03 0.00735695
8.04 0.00805895
8.05 0.00875912
8.06 0.00945731
8.07 0.0101534
8.08 0.0108471
8.09 0.0115384
8.1 0.0122271
8.11 0.012913
8.12 0.013596
8.13 0.014276
8.14 0.0149527
8.15 0.015626
8.16 0.0162958
8.17 0.0169619
8.18 0.0176241
8.19 0.0182824
8.2 0.0189365
8.21 0.0195864
8.22 0.0202318
8.23 0.0208726
8.24 0.0215087
8.25 0.0221399
8.26 0.0227662
8.27 0.0233872
8.28 0.024003
8.29 0.0246134
8.3 0.0252181
8.31 0.0258172
8.32 0.0264104
8.33 0.0269976
8.34 0.0275787
8.35 0.0281536
8.36 0.0287221
8.37 0.029284
8.38 0.0298394
8.39 0.030388
8.4 0.0309297
8.41 0.0314643
8.42 0.0319919
8.43 0.0325122
8.44 0.0330251
8.45 0.0335306
8.46 0.0340285
8.47 0.0345186
8.48 0.0350009
8.49 0.0354753
8.5 0.0359416
8.51 0.0363998
8.52 0.0368498
8.53 0.0372913
8.54 0.0377245
8.55 0.038149
8.56 0.038565
8.57 0.0389721
8.58 0.0393705
8.59 0.0397599
8.6 0.0401402
8.61 0.0405115
8.62 0.0408736
8.63 0.0412264
8.64 0.0415699
8.65 0.0419039
8.66 0.0422284
8.67 0.0425433
8.68 0.0428486
8.69 0.0431442
8.7 0.0434299
8.71 0.0437058
8.72 0.0439718
8.73 0.0442278
8.74 0.0444738
8.75 0.0447097
8.76 0.0449354
8.77 0.0451509
8.78 0.0453561
8.79 0.0455511
8.8 0.0457357
8.81 0.0459099
8.82 0.0460738
8.83 0.0462271
8.84 0.0463699
8.85 0.0465022
8.86 0.046624
8.87 0.0467351
8.88 0.0468357
8.89 0.0469256
8.9 0.0470048
8.91 0.0470733
8.92 0.0471312
8.93 0.0471783
8.94 0.0472147
8.95 0.0472404
8.96 0.0472554
8.97 0.0472596
8.98 0.0472531
8.99 0.0472358
9 0.0472078
9.01 0.0471691
9.02 0.0471196
9.03 0.0470594
9.04 0.0469885
9.05 0.046907
9.06 0.0468148
9.07 0.0467119
9.08 0.0465984
9.09 0.0464743
9.1 0.0463396
9.11 0.0461944
9.12 0.0460387
9.13 0.0458725
9.14 0.0456959
9.15 0.0455089
9.16 0.0453115
9.17 0.0451038
9.18 0.0448859
9.19 0.0446577
9.2 0.0444194
9.21 0.044171
9.22 0.0439125
9.23 0.043644
9.24 0.0433656
9.25 0.0430773
9.26 0.0427793
9.27 0.0424714
9.28 0.042154
9.29 0.0418269
9.3 0.0414903
9.31 0.0411442
9.32 0.0407888
9.33 0.0404241
9.34 0.0400502
9.35 0.0396671
9.36 0.0392751
9.37 0.038874
9.38 0.0384642
9.39 0.0380455
9.4 0.0376182
9.41 0.0371824
9.42 0.0367381
9.43 0.0362854
9.44 0.0358244
9.45 0.0353553
9.46 0.0348781
9.47 0.0343929
9.48 0.0339
9.49 0.0333993
9.5 0.032891
9.51 0.0323752
9.52 0.031852
9.53 0.0313215
9.54 0.030784
9.55 0.0302394
9.56 0.0296879
9.57 0.0291296
9.58 0.0285647
9.59 0.0279933
9.6 0.0274155
9.61 0.0268315
9.62 0.0262413
9.63 0.0256452
9.64 0.0250432
9.65 0.0244355
9.66 0.0238222
9.67 0.0232035
9.68 0.0225795
9.69 0.0219504
9.7 0.0213162
9.71 0.0206772
9.72 0.0200335
9.73 0.0193852
9.74 0.0187325
9.75 0.0180755
9.76 0.0174143
9.77 0.0167492
9.78 0.0160803
9.79 0.0154077
9.8 0.0147316
9.81 0.0140522
9.82 0.0133695
9.83 0.0126838
9.84 0.0119952
9.85 0.0113038
9.86 0.0106099
9.87 0.00991351
9.88 0.00921489
9.89 0.00851417
9.9 0.0078115
9.91 0.00710705
9.92 0.00640098
9.93 0.00569345
9.94 0.00498461
9.95 0.00427464
9.96 0.00356369
9.97 0.00285193
9.98 0.00213952
9.99 0.00142662
10 0.00071339
