0.01 5.39956
0.02 5.3995
0.03 5.39942
0.04 5.39929
0.05 5.39914
0.06 5.39894
0.07 5.39871
0.08 5.39845
0.09 5.39815
0.1 5.39782
0.11 5.39745
0.12 5.39704
0.13 5.3966
0.14 5.39613
0.15 5.39562
0.16 5.39508
0.17 5.3945
0.18 5.39388
0.19 5.39323
0.2 5.39255
0.21 5.39182
0.22 5.39107
0.23 5.39028
0.24 5.38945
0.25 5.38859
0.26 5.38769
0.27 5.38676
0.28 5.3858
0.29 5.38479
0.3 5.38376
0.31 5.38269
0.32 5.38158
0.33 5.38044
0.34 5.37926
0.35 5.37805
0.36 5.3768
0.37 5.37552
0.38 5.3742
0.39 5.37284
0.4 5.37146
0.41 5.37003
0.42 5.36857
0.43 5.36708
0.44 5.36555
0.45 5.36399
0.46 5.36239
0.47 5.36075
0.48 5.35908
0.49 5.35738
0.5 5.35564
0.51 5.35386
0.52 5.35205
0.53 5.35021
0.54 5.34833
0.55 5.34641
0.56 5.34446
0.57 5.34248
0.58 5.34045
0.59 5.3384
0.6 5.33631
0.61 5.33418
0.62 5.33202
0.63 5.32982
0.64 5.32759
0.65 5.32532
0.66 5.32302
0.67 5.32068
0.68 5.31831
0.69 5.3159
0.7 5.31346
0.71 5.31098
0.72 5.30847
0.73 5.30592
0.74 5.30334
0.75 5.30072
0.76 5.29806
0.77 5.29538
0.78 5.29265
0.79 5.28989
0.8 5.2871
0.81 5.28427
0.82 5.2814
0.83 5.2785
0.84 5.27557
0.85 5.2726
0.86 5.26959
0.87 5.26655
0.88 5.26348
0.89 5.26037
0.9 5.25722
0.91 5.25404
0.92 5.25082
0.93 5.24757
0.94 5.24429
0.95 5.24096
0.96 5.23761
0.97 5.23422
0.98 5.23079
0.99 5.22733
1 5.22383
1.01 5.2203
1.02 5.21673
1.03 5.21313
1.04 5.20949
1.05 5.20582
1.06 5.20211
1.07 5.19836
1.08 5.19459
1.09 5.19077
1.1 5.18692
1.11 5.18304
1.12 5.17912
1.13 5.17517
1.14 5.17118
1.15 5.16715
1.16 5.16309
1.17 5.159
1.18 5.15487
1.19 5.1507
1.2 5.1465
1.21 5.14227
1.22 5.138
1.23 5.13369
1.24 5.12935
1.25 5.12497
1.26 5.12056
1.27 5.11612
1.28 5.11163
1.29 5.10712
1.3 5.10257
1.31 5.09798
1.32 5.09336
1.33 5.0887
1.34 5.08401
1.35 5.07928
1.36 5.07452
1.37 5.06972
1.38 5.06489
1.39 5.06002
1.4 5.05511
1.41 5.05018
1.42 5.0452
1.43 5.04019
1.44 5.03515
1.45 5.03007
1.46 5.02496
1.47 5.01981
1.48 5.01462
1.49 5.0094
1.5 5.00415
1.51 4.99886
1.52 4.99353
1.53 4.98817
1.54 4.98278
1.55 4.97735
1.56 4.97188
1.57 4.96638
1.58 4.96084
1.59 4.95527
1.6 4.94967
1.61 4.94403
1.62 4.93835
1.63 4.93264
1.64 4.92689
1.65 4.92111
1.66 4.91529
1.67 4.90944
1.68 4.90355
1.69 4.89763
1.7 4.89167
1.71 4.88568
1.72 4.87965
1.73 4.87359
1.74 4.86749
1.75 4.86135
1.76 4.85519
1.77 4.84898
1.78 4.84274
1.79 4.83647
1.8 4.83016
1.81 4.82382
1.82 4.81744
1.83 4.81102
1.84 4.80457
1.85 4.79809
1.86 4.79157
1.87 4.78501
1.88 4.77842
1.89 4.77179
1.9 4.76513
1.91 4.75844
1.92 4.75171
1.93 4.74494
1.94 4.73814
1.95 4.7313
1.96 4.72443
1.97 4.71752
1.98 4.71058
1.99 4.70361
2 4.69659
2.01 4.68955
2.02 4.68246
2.03 4.67535
2.04 4.66819
2.05 4.661
2.06 4.65378
2.07 4.64652
2.08 4.63923
2.09 4.6319
2.1 4.62454
2.11 4.61714
2.12 4.6097
2.13 4.60224
2.14 4.59473
2.15 4.58719
2.16 4.57962
2.17 4.57201
2.18 4.56436
2.19 4.55668
2.2 4.54897
2.21 4.54122
2.22 4.53343
2.23 4.52561
2.24 4.51775
2.25 4.50986
2.26 4.50194
2.27 4.49398
2.28 4.48598
2.29 4.47795
2.3 4.46988
2.31 4.46178
2.32 4.45364
2.33 4.44547
2.34 4.43726
2.35 4.42902
2.36 4.42074
2.37 4.41243
2.38 4.40408
2.39 4.3957
2.4 4.38728
2.41 4.37883
2.42 4.37034
2.43 4.36182
2.44 4.35326
2.45 4.34466
2.46 4.33603
2.47 4.32737
2.48 4.31867
2.49 4.30994
2.5 4.30117
2.51 4.29236
2.52 4.28352
2.53 4.27465
2.54 4.26574
2.55 4.25679
2.56 4.24781
2.57 4.23879
2.58 4.22974
2.59 4.22066
2.6 4.21154
2.61 4.20238
2.62 4.19319
2.63 4.18396
2.64 4.1747
2.65 4.1654
2.66 4.15607
2.67 4.1467
2.68 4.1373
2.69 4.12786
2.7 4.11839
2.71 4.10888
2.72 4.09934
2.73 4.08976
2.74 4.08015
2.75 4.0705
2.76 4.06082
2.77 4.0511
2.78 4.04134
2.79 4.03155
2.8 4.02173
2.81 4.01187
2.82 4.00198
2.83 3.99205
2.84 3.98208
2.85 3.97208
2.86 3.96205
2.87 3.95198
2.88 3.94187
2.89 3.93173
2.9 3.92156
2.91 3.91134
2.92 3.9011
2.93 3.89082
2.94 3.8805
2.95 3.87015
2.96 3.85976
2.97 3.84934
2.98 3.83888
2.99 3.82839
3 3.81787
3.01 3.8073
3.02 3.79671
3.03 3.78607
3.04 3.77541
3.05 3.7647
3.06 3.75396
3.07 3.74319
3.08 3.73238
3.09 3.72154
3.1 3.71066
3.11 3.69975
3.12 3.6888
3.13 3.67781
3.14 3.66679
3.15 3.65574
3.16 3.64465
3.17 3.63353
3.18 3.62237
3.19 3.61117
3.2 3.59994
3.21 3.58873
3.22 3.57758
3.23 3.56651
3.24 3.5555
3.25 3.54456
3.26 3.53368
3.27 3.52288
3.28 3.51214
3.29 3.50146
3.3 3.49085
3.31 3.48031
3.32 3.46982
3.33 3.4594
3.34 3.44905
3.35 3.43875
3.36 3.42852
3.37 3.41834
3.38 3.40823
3.39 3.39817
3.4 3.38818
3.41 3.37824
3.42 3.36837
3.43 3.35855
3.44 3.34878
3.45 3.33908
3.46 3.32943
3.47 3.31983
3.48 3.31029
3.49 3.30081
3.5 3.29137
3.51 3.282
3.52 3.27267
3.53 3.2634
3.54 3.25418
3.55 3.24502
3.56 3.2359
3.57 3.22684
3.58 3.21782
3.59 3.20886
3.6 3.19995
3.61 3.19108
3.62 3.18227
3.63 3.1735
3.64 3.16478
3.65 3.15611
3.66 3.14749
3.67 3.13891
3.68 3.13038
3.69 3.1219
3.7 3.11346
3.71 3.10507
3.72 3.09672
3.73 3.08842
3.74 3.08016
3.75 3.07195
3.76 3.06378
3.77 3.05565
3.78 3.04757
3.79 3.03953
3.8 3.03153
3.81 3.02357
3.82 3.01566
3.83 3.00778
3.84 2.99995
3.85 2.99216
3.86 2.98441
3.87 2.9767
3.88 2.96902
3.89 2.96139
3.9 2.9538
3.91 2.94624
3.92 2.93873
3.93 2.93125
3.94 2.92381
3.95 2.91641
3.96 2.90904
3.97 2.90172
3.98 2.89442
3.99 2.88717
4 2.87995
4.01 2.87277
4.02 2.86562
4.03 2.85851
4.04 2.85144
4.05 2.8444
4.06 2.83739
4.07 2.83042
4.08 2.82348
4.09 2.81658
4.1 2.80971
4.11 2.80287
4.12 2.79607
4.13 2.7893
4.14 2.78256
4.15 2.77586
4.16 2.76919
4.17 2.76254
4.18 2.75594
4.19 2.74936
4.2 2.74281
4.21 2.7363
4.22 2.72981
4.23 2.72336
4.24 2.71694
4.25 2.71054
4.26 2.70418
4.27 2.69785
4.28 2.69154
4.29 2.68527
4.3 2.67903
4.31 2.67281
4.32 2.66662
4.33 2.66046
4.34 2.65433
4.35 2.64823
4.36 2.64216
4.37 2.63611
4.38 2.63009
4.39 2.6241
4.4 2.61814
4.41 2.6122
4.42 2.60629
4.43 2.60041
4.44 2.59455
4.45 2.58872
4.46 2.58292
4.47 2.57714
4.48 2.57139
4.49 2.56566
4.5 2.55996
4.51 2.55428
4.52 2.54863
4.53 2.543
4.54 2.5374
4.55 2.53183
4.56 2.52627
4.57 2.52075
4.58 2.51524
4.59 2.50976
4.6 2.50431
4.61 2.49887
4.62 2.49347
4.63 2.48808
4.64 2.48272
4.65 2.47738
4.66 2.47206
4.67 2.46677
4.68 2.4615
4.69 2.45625
4.7 2.45102
4.71 2.44582
4.72 2.44064
4.73 2.43548
4.74 2.43034
4.75 2.42522
4.76 2.42013
4.77 2.41505
4.78 2.41
4.79 2.40497
4.8 2.39996
4.81 2.39497
4.82 2.39
4.83 2.38505
4.84 2.38013
4.85 2.37522
4.86 2.37033
4.87 2.36546
4.88 2.36062
4.89 2.35579
4.9 2.35098
4.91 2.34619
4.92 2.34143
4.93 2.33668
4.94 2.33195
4.95 2.32723
4.96 2.32254
4.97 2.31787
4.98 2.31322
4.99 2.30858
5 2.30396
5.01 2.29936
5.02 2.29478
5.03 2.29022
5.04 2.28568
5.05 2.28115
5.06 2.27664
5.07 2.27215
5.08 2.26768
5.09 2.26322
5.1 2.25879
5.11 2.25437
5.12 2.24996
5.13 2.24558
5.14 2.24121
5.15 2.23686
5.16 2.23252
5.17 2.2282
5.18 2.2239
5.19 2.21962
5.2 2.21535
5.21 2.2111
5.22 2.20686
5.23 2.20264
5.24 2.19844
5.25 2.19425
5.26 2.19008
5.27 2.18592
5.28 2.18178
5.29 2.17766
5.3 2.17355
5.31 2.16946
5.32 2.16538
5.33 2.16132
5.34 2.15727
5.35 2.15324
5.36 2.14922
5.37 2.14522
5.38 2.14123
5.39 2.13726
5.4 2.1333
5.41 2.12936
5.42 2.12543
5.43 2.12151
5.44 2.11761
5.45 2.11373
5.46 2.10986
5.47 2.106
5.48 2.10216
5.49 2.09833
5.5 2.09451
5.51 2.09071
5.52 2.08692
5.53 2.08315
5.54 2.07939
5.55 2.07564
5.56 2.07191
5.57 2.06819
5.58 2.06448
5.59 2.06079
5.6 2.05711
5.61 2.05344
5.62 2.04979
5.63 2.04615
5.64 2.04252
5.65 2.0389
5.66 2.0353
5.67 2.03171
5.68 2.02814
5.69 2.02457
5.7 2.02102
5.71 2.01748
5.72 2.01395
5.73 2.01044
5.74 2.00694
5.75 2.00345
5.76 1.99997
5.77 1.9965
5.78 1.99305
5.79 1.9896
5.8 1.98617
5.81 1.98276
5.82 1.97935
5.83 1.97595
5.84 1.97257
5.85 1.9692
5.86 1.96584
5.87 1.96249
5.88 1.95915
5.89 1.95583
5.9 1.95251
5.91 1.94921
5.92 1.94591
5.93 1.94263
5.94 1.93936
5.95 1.9361
5.96 1.93285
5.97 1.92962
5.98 1.92639
5.99 1.92317
6 1.91997
6.01 1.91677
6.02 1.91359
6.03 1.91042
6.04 1.90725
6.05 1.9041
6.06 1.90096
6.07 1.89783
6.08 1.89471
6.09 1.89159
6.1 1.88849
6.11 1.8854
6.12 1.88232
6.13 1.87925
6.14 1.87619
6.15 1.87314
6.16 1.8701
6.17 1.86707
6.18 1.86405
6.19 1.86104
6.2 1.85803
6.21 1.85504
6.22 1.85206
6.23 1.84909
6.24 1.84612
6.25 1.84317
6.26 1.84023
6.27 1.83729
6.28 1.83436
6.29 1.83145
6.3 1.82854
6.31 1.82564
6.32 1.82275
6.33 1.81988
6.34 1.817
6.35 1.81414
6.36 1.81129
6.37 1.80845
6.38 1.80561
6.39 1.80279
6.4 1.79997
6.41 1.79716
6.42 1.79436
6.43 1.79157
6.44 1.78879
6.45 1.78602
6.46 1.78325
6.47 1.7805
6.48 1.77775
6.49 1.77501
6.5 1.77228
6.51 1.76956
6.52 1.76684
6.53 1.76414
6.54 1.76144
6.55 1.75875
6.56 1.75607
6.57 1.7534
6.58 1.75073
6.59 1.74807
6.6 1.74543
6.61 1.74279
6.62 1.74015
6.63 1.73753
6.64 1.73491
6.65 1.7323
6.66 1.7297
6.67 1.72711
6.68 1.72452
6.69 1.72194
6.7 1.71937
6.71 1.71681
6.72 1.71426
6.73 1.71171
6.74 1.70917
6.75 1.70664
6.76 1.70411
6.77 1.7016
6.78 1.69909
6.79 1.69658
6.8 1.69409
6.81 1.6916
6.82 1.68912
6.83 1.68665
6.84 1.68418
6.85 1.68172
6.86 1.67927
6.87 1.67683
6.88 1.67439
6.89 1.67196
6.9 1.66954
6.91 1.66712
6.92 1.66471
6.93 1.66231
6.94 1.65992
6.95 1.65753
6.96 1.65515
6.97 1.65277
6.98 1.6504
6.99 1.64804
7 1.64569
7.01 1.64334
7.02 1.641
7.03 1.63866
7.04 1.63634
7.05 1.63402
7.06 1.6317
7.07 1.62939
7.08 1.62709
7.09 1.6248
7.1 1.62251
7.11 1.62023
7.12 1.61795
7.13 1.61568
7.14 1.61342
7.15 1.61116
7.16 1.60891
7.17 1.60667
7.18 1.60443
7.19 1.6022
7.2 1.59997
7.21 1.59775
7.22 1.59554
7.23 1.59333
7.24 1.59113
7.25 1.58894
7.26 1.58675
7.27 1.58457
7.28 1.58239
7.29 1.58022
7.3 1.57806
7.31 1.5759
7.32 1.57374
7.33 1.5716
7.34 1.56946
7.35 1.56732
7.36 1.56519
7.37 1.56307
7.38 1.56095
7.39 1.55884
7.4 1.55673
7.41 1.55463
7.42 1.55254
7.43 1.55045
7.44 1.54836
7.45 1.54628
7.46 1.54421
7.47 1.54214
7.48 1.54008
7.49 1.53803
7.5 1.53597
7.51 1.53393
7.52 1.53189
7.53 1.52986
7.54 1.52783
7.55 1.5258
7.56 1.52378
7.57 1.52177
7.58 1.51976
7.59 1.51776
7.6 1.51576
7.61 1.51377
7.62 1.51179
7.63 1.5098
7.64 1.50783
7.65 1.50586
7.66 1.50389
7.67 1.50193
7.68 1.49998
7.69 1.49802
7.7 1.49608
7.71 1.49414
7.72 1.4922
7.73 1.49027
7.74 1.48835
7.75 1.48643
7.76 1.48451
7.77 1.4826
7.78 1.4807
7.79 1.47879
7.8 1.4769
7.81 1.47501
7.82 1.47312
7.83 1.47124
7.84 1.46936
7.85 1.46749
7.86 1.46562
7.87 1.46376
7.88 1.4619
7.89 1.46005
7.9 1.4582
7.91 1.45636
7.92 1.45452
7.93 1.45269
7.94 1.45086
7.95 1.44903
7.96 1.44721
7.97 1.4454
7.98 1.44359
7.99 1.44178
8 1.43998
8.01 1.43818
8.02 1.43639
8.03 1.4346
8.04 1.43281
8.05 1.43103
8.06 1.42926
8.07 1.42749
8.08 1.42572
8.09 1.42396
8.1 1.4222
8.11 1.42045
8.12 1.4187
8.13 1.41695
8.14 1.41521
8.15 1.41347
8.16 1.41174
8.17 1.41001
8.18 1.40829
8.19 1.40657
8.2 1.40486
8.21 1.40314
8.22 1.40144
8.23 1.39973
8.24 1.39804
8.25 1.39634
8.26 1.39465
8.27 1.39296
8.28 1.39128
8.29 1.3896
8.3 1.38793
8.31 1.38626
8.32 1.38459
8.33 1.38293
8.34 1.38127
8.35 1.37962
8.36 1.37797
8.37 1.37632
8.38 1.37468
8.39 1.37304
8.4 1.37141
8.41 1.36978
8.42 1.36815
8.43 1.36653
8.44 1.36491
8.45 1.36329
8.46 1.36168
8.47 1.36007
8.48 1.35847
8.49 1.35687
8.5 1.35527
8.51 1.35368
8.52 1.35209
8.53 1.35051
8.54 1.34892
8.55 1.34735
8.56 1.34577
8.57 1.3442
8.58 1.34264
8.59 1.34107
8.6 1.33951
8.61 1.33796
8.62 1.33641
8.63 1.33486
8.64 1.33331
8.65 1.33177
8.66 1.33023
8.67 1.3287
8.68 1.32717
8.69 1.32564
8.7 1.32412
8.71 1.3226
8.72 1.32108
8.73 1.31957
8.74 1.31806
8.75 1.31655
8.76 1.31505
8.77 1.31355
8.78 1.31205
8.79 1.31056
8.8 1.30907
8.81 1.30758
8.82 1.3061
8.83 1.30462
8.84 1.30315
8.85 1.30167
8.86 1.3002
8.87 1.29874
8.88 1.29728
8.89 1.29582
8.9 1.29436
8.91 1.29291
8.92 1.29146
8.93 1.29001
8.94 1.28857
8.95 1.28713
8.96 1.28569
8.97 1.28426
8.98 1.28283
8.99 1.2814
9 1.27998
9.01 1.27856
9.02 1.27714
9.03 1.27573
9.04 1.27432
9.05 1.27291
9.06 1.2715
9.07 1.2701
9.08 1.2687
9.09 1.26731
9.1 1.26591
9.11 1.26452
9.12 1.26314
9.13 1.26175
9.14 1.26037
9.15 1.259
9.16 1.25762
9.17 1.25625
9.18 1.25488
9.19 1.25352
9.2 1.25215
9.21 1.25079
9.22 1.24944
9.23 1.24808
9.24 1.24673
9.25 1.24538
9.26 1.24404
9.27 1.2427
9.28 1.24136
9.29 1.24002
9.3 1.23869
9.31 1.23736
9.32 1.23603
9.33 1.23471
9.34 1.23338
9.35 1.23207
9.36 1.23075
9.37 1.22944
9.38 1.22812
9.39 1.22682
9.4 1.22551
9.41 1.22421
9.42 1.22291
9.43 1.22161
9.44 1.22032
9.45 1.21903
9.46 1.21774
9.47 1.21645
9.48 1.21517
9.49 1.21389
9.5 1.21261
9.51 1.21134
9.52 1.21006
9.53 1.20879
9.54 1.20753
9.55 1.20626
9.56 1.205
9.57 1.20374
9.58 1.20249
9.59 1.20123
9.6 1.19998
9.61 1.19873
9.62 1.19749
9.63 1.19624
9.64 1.195
9.65 1.19376
9.66 1.19253
9.67 1.19129
9.68 1.19006
9.69 1.18884
9.7 1.18761
9.71 1.18639
9.72 1.18517
9.73 1.18395
9.74 1.18273
9.75 1.18152
9.76 1.18031
9.77 1.1791
9.78 1.17789
9.79 1.17669
9.8 1.17549
9.81 1.17429
9.82 1.1731
9.83 1.1719
9.84 1.17071
9.85 1.16952
9.86 1.16834
9.87 1.16715
9.88 1.16597
9.89 1.16479
9.9 1.16362
9.91 1.16244
9.92 1.16127
9.93 1.1601
9.94 1.15893
9.95 1.15777
9.96 1.15661
9.97 1.15545
9.98 1.15429
9.99 1.15313
10 1.15198
