0.01 -45.1679
0.02 -45.1616
0.03 -45.1551
0.04 -45.1486
0.05 -45.142
0.06 -45.1354
0.07 -45.1286
0.08 -45.1219
0.09 -45.115
0.1 -45.1081
0.11 -45.1011
0.12 -45.0941
0.13 -45.0869
0.14 -45.0797
0.15 -45.0724
0.16 -45.0651
0.17 -45.0576
0.18 -45.0501
0.19 -45.0425
0.2 -45.0347
0.21 -45.027
0.22 -45.0191
0.23 -45.0111
0.24 -45.003
0.25 -44.9949
0.26 -44.9866
0.27 -44.9782
0.28 -44.9698
0.29 -44.9612
0.3 -44.9525
0.31 -44.9438
0.32 -44.9349
0.33 -44.9259
0.34 -44.9168
0.35 -44.9076
0.36 -44.8982
0.37 -44.8887
0.38 -44.8792
0.39 -44.8695
0.4 -44.8596
0.41 -44.8497
0.42 -44.8396
0.43 -44.8293
0.44 -44.819
0.45 -44.8085
0.46 -44.7978
0.47 -44.7871
0.48 -44.7761
0.49 -44.7651
0.5 -44.7538
0.51 -44.7425
0.52 -44.7309
0.53 -44.7192
0.54 -44.7074
0.55 -44.6954
0.56 -44.6832
0.57 -44.6708
0.58 -44.6583
0.59 -44.6456
0.6 -44.6327
0.61 -44.6197
0.62 -44.6064
0.63 -44.593
0.64 -44.5794
0.65 -44.5656
0.66 -44.5515
0.67 -44.5373
0.68 -44.5229
0.69 -44.5083
0.7 -44.4935
0.71 -44.4785
0.72 -44.4632
0.73 -44.4477
0.74 -44.432
0.75 -44.4161
0.76 -44.4
0.77 -44.3836
0.78 -44.367
0.79 -44.3501
0.8 -44.333
0.81 -44.3157
0.82 -44.2981
0.83 -44.2802
0.84 -44.2621
0.85 -44.2437
0.86 -44.2251
0.87 -44.2061
0.88 -44.1869
0.89 -44.1675
0.9 -44.1477
0.91 -44.1277
0.92 -44.1073
0.93 -44.0867
0.94 -44.0658
0.95 -44.0445
0.96 -44.023
0.97 -44.0011
0.98 -43.979
0.99 -43.9565
1 -43.9336
1.01 -43.9105
1.02 -43.887
1.03 -43.8631
1.04 -43.8389
1.05 -43.8144
1.06 -43.7895
1.07 -43.7643
1.08 -43.7387
1.09 -43.7127
1.1 -43.6863
1.11 -43.6596
1.12 -43.6324
1.13 -43.6049
1.14 -43.577
1.15 -43.5487
1.16 -43.5199
1.17 -43.4908
1.18 -43.4612
1.19 -43.4313
1.2 -43.4009
1.21 -43.37
1.22 -43.3387
1.23 -43.307
1.24 -43.2748
1.25 -43.2422
1.26 -43.209
1.27 -43.1755
1.28 -43.1414
1.29 -43.1069
1.3 -43.0719
1.31 -43.0364
1.32 -43.0003
1.33 -42.9638
1.34 -42.9268
1.35 -42.8892
1.36 -42.8512
1.37 -42.8126
1.38 -42.7734
1.39 -42.7337
1.4 -42.6935
1.41 -42.6527
1.42 -42.6113
1.43 -42.5694
1.44 -42.5269
1.45 -42.4838
1.46 -42.4402
1.47 -42.3959
1.48 -42.351
1.49 -42.3055
1.5 -42.2594
1.51 -42.2127
1.52 -42.1654
1.53 -42.1174
1.54 -42.0687
1.55 -42.0194
1.56 -41.9695
1.57 -41.9189
1.58 -41.8676
1.59 -41.8157
1.6 -41.763
1.61 -41.7097
1.62 -41.6557
1.63 -41.6009
1.64 -41.5455
1.65 -41.4893
1.66 -41.4324
1.67 -41.3748
1.68 -41.3164
1.69 -41.2572
1.7 -41.1974
1.71 -41.1367
1.72 -41.0753
1.73 -41.0131
1.74 -40.9501
1.75 -40.8864
1.76 -40.8218
1.77 -40.7564
1.78 -40.6902
1.79 -40.6232
1.8 -40.5554
1.81 -40.4867
1.82 -40.4172
1.83 -40.3469
1.84 -40.2757
1.85 -40.2036
1.86 -40.1307
1.87 -40.0569
1.88 -39.9822
1.89 -39.9066
1.9 -39.8302
1.91 -39.7528
1.92 -39.6745
1.93 -39.5954
1.94 -39.5153
1.95 -39.4342
1.96 -39.3523
1.97 -39.2694
1.98 -39.1856
1.99 -39.1008
2 -39.0151
2.01 -38.9284
2.02 -38.8408
2.03 -38.7521
2.04 -38.6625
2.05 -38.572
2.06 -38.4804
2.07 -38.3879
2.08 -38.2943
2.09 -38.1998
2.1 -38.1042
2.11 -38.0077
2.12 -37.9101
2.13 -37.8115
2.14 -37.7119
2.15 -37.6113
2.16 -37.5097
2.17 -37.407
2.18 -37.3033
2.19 -37.1985
2.2 -37.0927
2.21 -36.9859
2.22 -36.878
2.23 -36.7691
2.24 -36.6591
2.25 -36.5481
2.26 -36.436
2.27 -36.3228
2.28 -36.2087
2.29 -36.0934
2.3 -35.9771
2.31 -35.8597
2.32 -35.7413
2.33 -35.6219
2.34 -35.5013
2.35 -35.3797
2.36 -35.2571
2.37 -35.1334
2.38 -35.0086
2.39 -34.8828
2.4 -34.7559
2.41 -34.628
2.42 -34.4991
2.43 -34.3691
2.44 -34.238
2.45 -34.1059
2.46 -33.9728
2.47 -33.8387
2.48 -33.7035
2.49 -33.5673
2.5 -33.4301
2.51 -33.2918
2.52 -33.1526
2.53 -33.0123
2.54 -32.8711
2.55 -32.7288
2.56 -32.5856
2.57 -32.4414
2.58 -32.2963
2.59 -32.1501
2.6 -32.003
2.61 -31.855
2.62 -31.706
2.63 -31.5561
2.64 -31.4053
2.65 -31.2536
2.66 -31.1009
2.67 -30.9474
2.68 -30.793
2.69 -30.6377
2.7 -30.4815
2.71 -30.3245
2.72 -30.1667
2.73 -30.0081
2.74 -29.8486
2.75 -29.6883
2.76 -29.5272
2.77 -29.3654
2.78 -29.2028
2.79 -29.0395
2.8 -28.8754
2.81 -28.7106
2.82 -28.5451
2.83 -28.3789
2.84 -28.212
2.85 -28.0445
2.86 -27.8763
2.87 -27.7075
2.88 -27.5381
2.89 -27.3681
2.9 -27.1975
2.91 -27.0264
2.92 -26.8547
2.93 -26.6825
2.94 -26.5097
2.95 -26.3365
2.96 -26.1629
2.97 -25.9887
2.98 -25.8142
2.99 -25.6392
3 -25.4638
3.01 -25.2881
3.02 -25.1119
3.03 -24.9355
3.04 -24.7587
3.05 -24.5817
3.06 -24.4043
3.07 -24.2267
3.08 -24.0489
3.09 -23.8708
3.1 -23.6926
3.11 -23.5141
3.12 -23.3356
3.13 -23.1569
3.14 -22.978
3.15 -22.7991
3.16 -22.6201
3.17 -22.4411
3.18 -22.262
3.19 -22.0829
3.2 -21.9039
3.21 -21.7248
3.22 -21.5456
3.23 -21.3665
3.24 -21.1873
3.25 -21.0082
3.26 -20.8291
3.27 -20.65
3.28 -20.4711
3.29 -20.2922
3.3 -20.1135
3.31 -19.9349
3.32 -19.7564
3.33 -19.5782
3.34 -19.4002
3.35 -19.2224
3.36 -19.0448
3.37 -18.8676
3.38 -18.6906
3.39 -18.5139
3.4 -18.3376
3.41 -18.1616
3.42 -17.986
3.43 -17.8108
3.44 -17.6359
3.45 -17.4616
3.46 -17.2876
3.47 -17.1142
3.48 -16.9412
3.49 -16.7687
3.5 -16.5968
3.51 -16.4254
3.52 -16.2545
3.53 -16.0843
3.54 -15.9146
3.55 -15.7455
3.56 -15.5771
3.57 -15.4093
3.58 -15.2421
3.59 -15.0757
3.6 -14.9099
3.61 -14.7448
3.62 -14.5805
3.63 -14.4169
3.64 -14.254
3.65 -14.0919
3.66 -13.9305
3.67 -13.77
3.68 -13.6103
3.69 -13.4513
3.7 -13.2932
3.71 -13.136
3.72 -12.9796
3.73 -12.824
3.74 -12.6693
3.75 -12.5155
3.76 -12.3626
3.77 -12.2106
3.78 -12.0595
3.79 -11.9094
3.8 -11.7601
3.81 -11.6119
3.82 -11.4645
3.83 -11.3181
3.84 -11.1727
3.85 -11.0283
3.86 -10.8848
3.87 -10.7423
3.88 -10.6008
3.89 -10.4603
3.9 -10.3208
3.91 -10.1824
3.92 -10.0449
3.93 -9.90844
3.94 -9.77302
3.95 -9.63863
3.96 -9.50528
3.97 -9.37296
3.98 -9.24167
3.99 -9.11144
4 -8.98224
4.01 -8.8541
4.02 -8.72701
4.03 -8.60097
4.04 -8.47598
4.05 -8.35206
4.06 -8.22918
4.07 -8.10737
4.08 -7.98661
4.09 -7.86692
4.1 -7.74828
4.11 -7.63071
4.12 -7.51419
4.13 -7.39873
4.14 -7.28433
4.15 -7.17098
4.16 -7.05869
4.17 -6.94746
4.18 -6.83728
4.19 -6.72815
4.2 -6.62006
4.21 -6.51303
4.22 -6.40704
4.23 -6.30209
4.24 -6.19817
4.25 -6.0953
4.26 -5.99345
4.27 -5.89264
4.28 -5.79285
4.29 -5.69408
4.3 -5.59633
4.31 -5.4996
4.32 -5.40388
4.33 -5.30916
4.34 -5.21544
4.35 -5.12272
4.36 -5.03099
4.37 -4.94025
4.38 -4.85049
4.39 -4.76171
4.4 -4.6739
4.41 -4.58706
4.42 -4.50118
4.43 -4.41625
4.44 -4.33228
4.45 -4.24925
4.46 -4.16716
4.47 -4.08601
4.48 -4.00578
4.49 -3.92647
4.5 -3.84808
4.51 -3.7706
4.52 -3.69402
4.53 -3.61833
4.54 -3.54354
4.55 -3.46963
4.56 -3.3966
4.57 -3.32444
4.58 -3.25314
4.59 -3.18271
4.6 -3.11312
4.61 -3.04438
4.62 -2.97647
4.63 -2.9094
4.64 -2.84315
4.65 -2.77772
4.66 -2.7131
4.67 -2.64928
4.68 -2.58626
4.69 -2.52403
4.7 -2.46259
4.71 -2.40192
4.72 -2.34202
4.73 -2.28288
4.74 -2.2245
4.75 -2.16686
4.76 -2.10997
4.77 -2.05382
4.78 -1.99839
4.79 -1.94368
4.8 -1.88968
4.81 -1.8364
4.82 -1.78381
4.83 -1.73192
4.84 -1.68071
4.85 -1.63018
4.86 -1.58033
4.87 -1.53114
4.88 -1.48261
4.89 -1.43473
4.9 -1.3875
4.91 -1.34091
4.92 -1.29495
4.93 -1.24962
4.94 -1.2049
4.95 -1.1608
4.96 -1.11731
4.97 -1.07441
4.98 -1.0321
4.99 -0.990386
5 -0.949248
5.01 -0.908684
5.02 -0.868686
5.03 -0.82925
5.04 -0.790368
5.05 -0.752034
5.06 -0.714242
5.07 -0.676986
5.08 -0.64026
5.09 -0.604057
5.1 -0.568372
5.11 -0.533199
5.12 -0.498531
5.13 -0.464363
5.14 -0.430688
5.15 -0.397502
5.16 -0.364798
5.17 -0.33257
5.18 -0.300813
5.19 -0.269521
5.2 -0.238688
5.21 -0.208309
5.22 -0.178379
5.23 -0.148892
5.24 -0.119842
5.25 -0.0912243
5.26 -0.0630335
5.27 -0.0352641
5.28 -0.0079111
5.29 0.0190308
5.3 0.0455668
5.31 0.0717019
5.32 0.0974411
5.33 0.122789
5.34 0.147752
5.35 0.172333
5.36 0.196539
5.37 0.220373
5.38 0.24384
5.39 0.266946
5.4 0.289694
5.41 0.31209
5.42 0.334137
5.43 0.355841
5.44 0.377207
5.45 0.398237
5.46 0.418937
5.47 0.439312
5.48 0.459365
5.49 0.4791
5.5 0.498522
5.51 0.517636
5.52 0.536444
5.53 0.554951
5.54 0.573162
5.55 0.59108
5.56 0.608709
5.57 0.626053
5.58 0.643116
5.59 0.659901
5.6 0.676413
5.61 0.692654
5.62 0.70863
5.63 0.724343
5.64 0.739797
5.65 0.754995
5.66 0.769941
5.67 0.784639
5.68 0.799092
5.69 0.813303
5.7 0.827275
5.71 0.841012
5.72 0.854518
5.73 0.867795
5.74 0.880846
5.75 0.893675
5.76 0.906285
5.77 0.918679
5.78 0.93086
5.79 0.942831
5.8 0.954594
5.81 0.966153
5.82 0.977511
5.83 0.98867
5.84 0.999634
5.85 1.0104
5.86 1.02099
5.87 1.03138
5.88 1.04159
5.89 1.05161
5.9 1.06146
5.91 1.07113
5.92 1.08062
5.93 1.08995
5.94 1.0991
5.95 1.10809
5.96 1.11691
5.97 1.12557
5.98 1.13407
5.99 1.14241
6 1.1506
6.01 1.15863
6.02 1.16651
6.03 1.17425
6.04 1.18184
6.05 1.18928
6.06 1.19658
6.07 1.20374
6.08 1.21077
6.09 1.21765
6.1 1.22441
6.11 1.23103
6.12 1.23752
6.13 1.24388
6.14 1.25012
6.15 1.25623
6.16 1.26222
6.17 1.26809
6.18 1.27384
6.19 1.27947
6.2 1.28499
6.21 1.29039
6.22 1.29568
6.23 1.30086
6.24 1.30594
6.25 1.3109
6.26 1.31576
6.27 1.32052
6.28 1.32517
6.29 1.32972
6.3 1.33418
6.31 1.33853
6.32 1.34279
6.33 1.34696
6.34 1.35103
6.35 1.35501
6.36 1.3589
6.37 1.3627
6.38 1.36641
6.39 1.37004
6.4 1.37358
6.41 1.37703
6.42 1.38041
6.43 1.3837
6.44 1.38691
6.45 1.39005
6.46 1.3931
6.47 1.39608
6.48 1.39899
6.49 1.40182
6.5 1.40458
6.51 1.40726
6.52 1.40988
6.53 1.41243
6.54 1.4149
6.55 1.41731
6.56 1.41966
6.57 1.42194
6.58 1.42415
6.59 1.4263
6.6 1.42839
6.61 1.43042
6.62 1.43238
6.63 1.43429
6.64 1.43614
6.65 1.43793
6.66 1.43967
6.67 1.44135
6.68 1.44297
6.69 1.44454
6.7 1.44606
6.71 1.44753
6.72 1.44894
6.73 1.4503
6.74 1.45162
6.75 1.45288
6.76 1.4541
6.77 1.45527
6.78 1.45639
6.79 1.45746
6.8 1.45849
6.81 1.45948
6.82 1.46042
6.83 1.46132
6.84 1.46218
6.85 1.463
6.86 1.46377
6.87 1.46451
6.88 1.4652
6.89 1.46586
6.9 1.46648
6.91 1.46706
6.92 1.4676
6.93 1.46811
6.94 1.46858
6.95 1.46902
6.96 1.46942
6.97 1.46978
6.98 1.47012
6.99 1.47042
7 1.47068
7.01 1.47092
7.02 1.47113
7.03 1.4713
7.04 1.47144
7.05 1.47156
7.06 1.47164
7.07 1.4717
7.08 1.47173
7.09 1.47173
7.1 1.4717
7.11 1.47164
7.12 1.47156
7.13 1.47146
7.14 1.47132
7.15 1.47117
7.16 1.47099
7.17 1.47078
7.18 1.47055
7.19 1.4703
7.2 1.47002
7.21 1.46972
7.22 1.4694
7.23 1.46906
7.24 1.46869
7.25 1.46831
7.26 1.4679
7.27 1.46748
7.28 1.46703
7.29 1.46657
7.3 1.46608
7.31 1.46558
7.32 1.46506
7.33 1.46452
7.34 1.46396
7.35 1.46338
7.36 1.46279
7.37 1.46218
7.38 1.46155
7.39 1.46091
7.4 1.46025
7.41 1.45958
7.42 1.45889
7.43 1.45818
7.44 1.45746
7.45 1.45673
7.46 1.45598
7.47 1.45522
7.48 1.45444
7.49 1.45365
7.5 1.45285
7.51 1.45203
7.52 1.45121
7.53 1.45037
7.54 1.44951
7.55 1.44865
7.56 1.44777
7.57 1.44688
7.58 1.44598
7.59 1.44507
7.6 1.44415
7.61 1.44322
7.62 1.44227
7.63 1.44132
7.64 1.44036
7.65 1.43939
7.66 1.4384
7.67 1.43741
7.68 1.43641
7.69 1.4354
7.7 1.43438
7.71 1.43335
7.72 1.43232
7.73 1.43127
7.74 1.43022
7.75 1.42916
7.76 1.42809
7.77 1.42702
7.78 1.42593
7.79 1.42484
7.8 1.42375
7.81 1.42264
7.82 1.42153
7.83 1.42041
7.84 1.41929
7.85 1.41816
7.86 1.41702
7.87 1.41588
7.88 1.41473
7.89 1.41357
7.9 1.41241
7.91 1.41125
7.92 1.41008
7.93 1.4089
7.94 1.40772
7.95 1.40653
7.96 1.40534
7.97 1.40415
7.98 1.40295
7.99 1.40174
8 1.40053
8.01 1.39932
8.02 1.3981
8.03 1.39688
8.04 1.39565
8.05 1.39442
8.06 1.39319
8.07 1.39195
8.08 1.39071
8.09 1.38947
8.1 1.38822
8.11 1.38697
8.12 1.38571
8.13 1.38446
8.14 1.3832
8.15 1.38194
8.16 1.38067
8.17 1.3794
8.18 1.37813
8.19 1.37686
8.2 1.37558
8.21 1.37431
8.22 1.37303
8.23 1.37174
8.24 1.37046
8.25 1.36917
8.26 1.36788
8.27 1.36659
8.28 1.3653
8.29 1.36401
8.3 1.36271
8.31 1.36142
8.32 1.36012
8.33 1.35882
8.34 1.35752
8.35 1.35622
8.36 1.35491
8.37 1.35361
8.38 1.3523
8.39 1.35099
8.4 1.34969
8.41 1.34838
8.42 1.34707
8.43 1.34576
8.44 1.34444
8.45 1.34313
8.46 1.34182
8.47 1.34051
8.48 1.33919
8.49 1.33788
8.5 1.33656
8.51 1.33525
8.52 1.33393
8.53 1.33261
8.54 1.3313
8.55 1.32998
8.56 1.32866
8.57 1.32735
8.58 1.32603
8.59 1.32471
8.6 1.3234
8.61 1.32208
8.62 1.32076
8.63 1.31945
8.64 1.31813
8.65 1.31681
8.66 1.3155
8.67 1.31418
8.68 1.31286
8.69 1.31155
8.7 1.31023
8.71 1.30892
8.72 1.3076
8.73 1.30629
8.74 1.30498
8.75 1.30367
8.76 1.30235
8.77 1.30104
8.78 1.29973
8.79 1.29842
8.8 1.29711
8.81 1.2958
8.82 1.29449
8.83 1.29319
8.84 1.29188
8.85 1.29057
8.86 1.28927
8.87 1.28797
8.88 1.28666
8.89 1.28536
8.9 1.28406
8.91 1.28276
8.92 1.28146
8.93 1.28016
8.94 1.27887
8.95 1.27757
8.96 1.27627
8.97 1.27498
8.98 1.27369
8.99 1.2724
9 1.27111
9.01 1.26982
9.02 1.26853
9.03 1.26724
9.04 1.26596
9.05 1.26467
9.06 1.26339
9.07 1.26211
9.08 1.26083
9.09 1.25955
9.1 1.25827
9.11 1.25699
9.12 1.25572
9.13 1.25445
9.14 1.25317
9.15 1.2519
9.16 1.25063
9.17 1.24937
9.18 1.2481
9.19 1.24683
9.2 1.24557
9.21 1.24431
9.22 1.24305
9.23 1.24179
9.24 1.24053
9.25 1.23928
9.26 1.23802
9.27 1.23677
9.28 1.23552
9.29 1.23427
9.3 1.23302
9.31 1.23177
9.32 1.23053
9.33 1.22928
9.34 1.22804
9.35 1.2268
9.36 1.22556
9.37 1.22433
9.38 1.22309
9.39 1.22186
9.4 1.22063
9.41 1.2194
9.42 1.21817
9.43 1.21694
9.44 1.21572
9.45 1.21449
9.46 1.21327
9.47 1.21205
9.48 1.21084
9.49 1.20962
9.5 1.2084
9.51 1.20719
9.52 1.20598
9.53 1.20477
9.54 1.20356
9.55 1.20236
9.56 1.20115
9.57 1.19995
9.58 1.19875
9.59 1.19755
9.6 1.19636
9.61 1.19516
9.62 1.19397
9.63 1.19278
9.64 1.19159
9.65 1.1904
9.66 1.18921
9.67 1.18803
9.68 1.18685
9.69 1.18567
9.7 1.18449
9.71 1.18331
9.72 1.18214
9.73 1.18096
9.74 1.17979
9.75 1.17862
9.76 1.17745
9.77 1.17629
9.78 1.17512
9.79 1.17396
9.8 1.1728
9.81 1.17164
9.82 1.17049
9.83 1.16933
9.84 1.16818
9.85 1.16703
9.86 1.16588
9.87 1.16473
9.88 1.16359
9.89 1.16244
9.9 1.1613
9.91 1.16016
9.92 1.15902
9.93 1.15789
9.94 1.15675
9.95 1.15562
9.96 1.15449
9.97 1.15336
9.98 1.15223
9.99 1.15111
10 1.14999
