0.01 -50.5675
0.02 -50.5611
0.03 -50.5545
0.04 -50.5479
0.05 -50.5411
0.06 -50.5343
0.07 -50.5274
0.08 -50.5203
0.09 -50.5132
0.1 -50.5059
0.11 -50.4986
0.12 -50.4911
0.13 -50.4835
0.14 -50.4758
0.15 -50.468
0.16 -50.4601
0.17 -50.4521
0.18 -50.444
0.19 -50.4357
0.2 -50.4273
0.21 -50.4188
0.22 -50.4101
0.23 -50.4014
0.24 -50.3925
0.25 -50.3835
0.26 -50.3743
0.27 -50.365
0.28 -50.3556
0.29 -50.346
0.3 -50.3363
0.31 -50.3265
0.32 -50.3165
0.33 -50.3063
0.34 -50.296
0.35 -50.2856
0.36 -50.275
0.37 -50.2643
0.38 -50.2534
0.39 -50.2423
0.4 -50.2311
0.41 -50.2197
0.42 -50.2081
0.43 -50.1964
0.44 -50.1845
0.45 -50.1725
0.46 -50.1602
0.47 -50.1478
0.48 -50.1352
0.49 -50.1224
0.5 -50.1095
0.51 -50.0963
0.52 -50.083
0.53 -50.0694
0.54 -50.0557
0.55 -50.0418
0.56 -50.0276
0.57 -50.0133
0.58 -49.9987
0.59 -49.984
0.6 -49.969
0.61 -49.9538
0.62 -49.9384
0.63 -49.9228
0.64 -49.907
0.65 -49.8909
0.66 -49.8746
0.67 -49.858
0.68 -49.8412
0.69 -49.8242
0.7 -49.8069
0.71 -49.7894
0.72 -49.7717
0.73 -49.7537
0.74 -49.7354
0.75 -49.7168
0.76 -49.698
0.77 -49.679
0.78 -49.6596
0.79 -49.64
0.8 -49.6201
0.81 -49.5999
0.82 -49.5795
0.83 -49.5587
0.84 -49.5376
0.85 -49.5163
0.86 -49.4946
0.87 -49.4727
0.88 -49.4504
0.89 -49.4278
0.9 -49.4049
0.91 -49.3817
0.92 -49.3582
0.93 -49.3343
0.94 -49.3101
0.95 -49.2855
0.96 -49.2606
0.97 -49.2353
0.98 -49.2097
0.99 -49.1838
1 -49.1575
1.01 -49.1308
1.02 -49.1037
1.03 -49.0763
1.04 -49.0484
1.05 -49.0202
1.06 -48.9916
1.07 -48.9626
1.08 -48.9332
1.09 -48.9034
1.1 -48.8732
1.11 -48.8426
1.12 -48.8116
1.13 -48.7801
1.14 -48.7482
1.15 -48.7158
1.16 -48.683
1.17 -48.6498
1.18 -48.6161
1.19 -48.582
1.2 -48.5474
1.21 -48.5123
1.22 -48.4767
1.23 -48.4407
1.24 -48.4041
1.25 -48.3671
1.26 -48.3296
1.27 -48.2916
1.28 -48.2531
1.29 -48.214
1.3 -48.1744
1.31 -48.1343
1.32 -48.0937
1.33 -48.0525
1.34 -48.0108
1.35 -47.9685
1.36 -47.9257
1.37 -47.8823
1.38 -47.8383
1.39 -47.7937
1.4 -47.7486
1.41 -47.7029
1.42 -47.6565
1.43 -47.6096
1.44 -47.5621
1.45 -47.5139
1.46 -47.4651
1.47 -47.4157
1.48 -47.3656
1.49 -47.3149
1.5 -47.2636
1.51 -47.2116
1.52 -47.1589
1.53 -47.1055
1.54 -47.0515
1.55 -46.9968
1.56 -46.9414
1.57 -46.8853
1.58 -46.8285
1.59 -46.7709
1.6 -46.7127
1.61 -46.6537
1.62 -46.594
1.63 -46.5336
1.64 -46.4724
1.65 -46.4104
1.66 -46.3477
1.67 -46.2842
1.68 -46.2199
1.69 -46.1549
1.7 -46.089
1.71 -46.0224
1.72 -45.9549
1.73 -45.8867
1.74 -45.8176
1.75 -45.7477
1.76 -45.677
1.77 -45.6054
1.78 -45.533
1.79 -45.4597
1.8 -45.3855
1.81 -45.3105
1.82 -45.2347
1.83 -45.1579
1.84 -45.0802
1.85 -45.0017
1.86 -44.9222
1.87 -44.8419
1.88 -44.7606
1.89 -44.6784
1.9 -44.5953
1.91 -44.5112
1.92 -44.4262
1.93 -44.3403
1.94 -44.2534
1.95 -44.1656
1.96 -44.0767
1.97 -43.9869
1.98 -43.8962
1.99 -43.8044
2 -43.7117
2.01 -43.6179
2.02 -43.5232
2.03 -43.4275
2.04 -43.3307
2.05 -43.233
2.06 -43.1342
2.07 -43.0344
2.08 -42.9335
2.09 -42.8317
2.1 -42.7288
2.11 -42.6248
2.12 -42.5198
2.13 -42.4138
2.14 -42.3067
2.15 -42.1985
2.16 -42.0893
2.17 -41.979
2.18 -41.8676
2.19 -41.7552
2.2 -41.6417
2.21 -41.5271
2.22 -41.4114
2.23 -41.2947
2.24 -41.1768
2.25 -41.0579
2.26 -40.9379
2.27 -40.8168
2.28 -40.6946
2.29 -40.5714
2.3 -40.447
2.31 -40.3215
2.32 -40.195
2.33 -40.0673
2.34 -39.9386
2.35 -39.8087
2.36 -39.6778
2.37 -39.5458
2.38 -39.4127
2.39 -39.2785
2.4 -39.1432
2.41 -39.0069
2.42 -38.8694
2.43 -38.7309
2.44 -38.5913
2.45 -38.4506
2.46 -38.3088
2.47 -38.166
2.48 -38.0221
2.49 -37.8772
2.5 -37.7312
2.51 -37.5842
2.52 -37.4361
2.53 -37.287
2.54 -37.1368
2.55 -36.9856
2.56 -36.8334
2.57 -36.6802
2.58 -36.526
2.59 -36.3708
2.6 -36.2146
2.61 -36.0574
2.62 -35.8992
2.63 -35.7401
2.64 -35.58
2.65 -35.419
2.66 -35.257
2.67 -35.0941
2.68 -34.9303
2.69 -34.7656
2.7 -34.5999
2.71 -34.4334
2.72 -34.2661
2.73 -34.0978
2.74 -33.9287
2.75 -33.7588
2.76 -33.5881
2.77 -33.4165
2.78 -33.2441
2.79 -33.071
2.8 -32.8971
2.81 -32.7224
2.82 -32.547
2.83 -32.3709
2.84 -32.1941
2.85 -32.0166
2.86 -31.8383
2.87 -31.6595
2.88 -31.48
2.89 -31.2998
2.9 -31.1191
2.91 -30.9377
2.92 -30.7558
2.93 -30.5733
2.94 -30.3902
2.95 -30.2067
2.96 -30.0226
2.97 -29.8381
2.98 -29.653
2.99 -29.4676
3 -29.2817
3.01 -29.0954
3.02 -28.9086
3.03 -28.7216
3.04 -28.5341
3.05 -28.3464
3.06 -28.1583
3.07 -27.9699
3.08 -27.7813
3.09 -27.5924
3.1 -27.4032
3.11 -27.2139
3.12 -27.0244
3.13 -26.8347
3.14 -26.6448
3.15 -26.4548
3.16 -26.2648
3.17 -26.0746
3.18 -25.8844
3.19 -25.6941
3.2 -25.5038
3.21 -25.3135
3.22 -25.1232
3.23 -24.933
3.24 -24.7428
3.25 -24.5527
3.26 -24.3628
3.27 -24.1729
3.28 -23.9832
3.29 -23.7937
3.3 -23.6043
3.31 -23.4152
3.32 -23.2263
3.33 -23.0376
3.34 -22.8492
3.35 -22.6611
3.36 -22.4734
3.37 -22.2859
3.38 -22.0988
3.39 -21.9121
3.4 -21.7258
3.41 -21.5398
3.42 -21.3543
3.43 -21.1693
3.44 -20.9847
3.45 -20.8006
3.46 -20.6171
3.47 -20.434
3.48 -20.2515
3.49 -20.0695
3.5 -19.8882
3.51 -19.7074
3.52 -19.5272
3.53 -19.3477
3.54 -19.1688
3.55 -18.9905
3.56 -18.813
3.57 -18.6361
3.58 -18.46
3.59 -18.2845
3.6 -18.1099
3.61 -17.9359
3.62 -17.7627
3.63 -17.5904
3.64 -17.4188
3.65 -17.248
3.66 -17.078
3.67 -16.9089
3.68 -16.7406
3.69 -16.5732
3.7 -16.4067
3.71 -16.241
3.72 -16.0763
3.73 -15.9124
3.74 -15.7495
3.75 -15.5875
3.76 -15.4264
3.77 -15.2663
3.78 -15.1071
3.79 -14.9489
3.8 -14.7917
3.81 -14.6354
3.82 -14.4802
3.83 -14.3259
3.84 -14.1727
3.85 -14.0204
3.86 -13.8692
3.87 -13.719
3.88 -13.5698
3.89 -13.4217
3.9 -13.2746
3.91 -13.1286
3.92 -12.9836
3.93 -12.8397
3.94 -12.6968
3.95 -12.555
3.96 -12.4143
3.97 -12.2747
3.98 -12.1361
3.99 -11.9986
4 -11.8622
4.01 -11.7269
4.02 -11.5926
4.03 -11.4595
4.04 -11.3274
4.05 -11.1965
4.06 -11.0666
4.07 -10.9378
4.08 -10.8101
4.09 -10.6835
4.1 -10.558
4.11 -10.4336
4.12 -10.3103
4.13 -10.188
4.14 -10.0669
4.15 -9.94684
4.16 -9.82788
4.17 -9.71
4.18 -9.59321
4.19 -9.47751
4.2 -9.36288
4.21 -9.24933
4.22 -9.13685
4.23 -9.02545
4.24 -8.91511
4.25 -8.80584
4.26 -8.69764
4.27 -8.59049
4.28 -8.4844
4.29 -8.37935
4.3 -8.27536
4.31 -8.17241
4.32 -8.0705
4.33 -7.96962
4.34 -7.86977
4.35 -7.77095
4.36 -7.67315
4.37 -7.57636
4.38 -7.48058
4.39 -7.38581
4.4 -7.29204
4.41 -7.19926
4.42 -7.10747
4.43 -7.01666
4.44 -6.92683
4.45 -6.83797
4.46 -6.75008
4.47 -6.66315
4.48 -6.57716
4.49 -6.49213
4.5 -6.40804
4.51 -6.32488
4.52 -6.24265
4.53 -6.16134
4.54 -6.08094
4.55 -6.00146
4.56 -5.92287
4.57 -5.84519
4.58 -5.76839
4.59 -5.69247
4.6 -5.61743
4.61 -5.54325
4.62 -5.46994
4.63 -5.39748
4.64 -5.32587
4.65 -5.2551
4.66 -5.18516
4.67 -5.11605
4.68 -5.04776
4.69 -4.98028
4.7 -4.91361
4.71 -4.84774
4.72 -4.78266
4.73 -4.71836
4.74 -4.65484
4.75 -4.59209
4.76 -4.5301
4.77 -4.46887
4.78 -4.40839
4.79 -4.34865
4.8 -4.28964
4.81 -4.23137
4.82 -4.17381
4.83 -4.11697
4.84 -4.06084
4.85 -4.0054
4.86 -3.95066
4.87 -3.8966
4.88 -3.84323
4.89 -3.79052
4.9 -3.73849
4.91 -3.68711
4.92 -3.63638
4.93 -3.58629
4.94 -3.53685
4.95 -3.48804
4.96 -3.43985
4.97 -3.39228
4.98 -3.34532
4.99 -3.29897
5 -3.25321
5.01 -3.20805
5.02 -3.16347
5.03 -3.11947
5.04 -3.07604
5.05 -3.03318
5.06 -2.99088
5.07 -2.94914
5.08 -2.90794
5.09 -2.86728
5.1 -2.82716
5.11 -2.78756
5.12 -2.74849
5.13 -2.70994
5.14 -2.6719
5.15 -2.63436
5.16 -2.59732
5.17 -2.56077
5.18 -2.52471
5.19 -2.48914
5.2 -2.45404
5.21 -2.41941
5.22 -2.38524
5.23 -2.35153
5.24 -2.31828
5.25 -2.28547
5.26 -2.25311
5.27 -2.22119
5.28 -2.18969
5.29 -2.15863
5.3 -2.12798
5.31 -2.09775
5.32 -2.06794
5.33 -2.03853
5.34 -2.00952
5.35 -1.9809
5.36 -1.95268
5.37 -1.92484
5.38 -1.89739
5.39 -1.87031
5.4 -1.8436
5.41 -1.81727
5.42 -1.79129
5.43 -1.76567
5.44 -1.74041
5.45 -1.71549
5.46 -1.69092
5.47 -1.66669
5.48 -1.64279
5.49 -1.61923
5.5 -1.59599
5.51 -1.57307
5.52 -1.55048
5.53 -1.5282
5.54 -1.50623
5.55 -1.48456
5.56 -1.4632
5.57 -1.44214
5.58 -1.42137
5.59 -1.40089
5.6 -1.3807
5.61 -1.36079
5.62 -1.34116
5.63 -1.3218
5.64 -1.30272
5.65 -1.28391
5.66 -1.26536
5.67 -1.24707
5.68 -1.22904
5.69 -1.21127
5.7 -1.19374
5.71 -1.17647
5.72 -1.15944
5.73 -1.14264
5.74 -1.12609
5.75 -1.10977
5.76 -1.09368
5.77 -1.07782
5.78 -1.06219
5.79 -1.04677
5.8 -1.03158
5.81 -1.0166
5.82 -1.00184
5.83 -0.987283
5.84 -0.972936
5.85 -0.958794
5.86 -0.944853
5.87 -0.931111
5.88 -0.917565
5.89 -0.904213
5.9 -0.891051
5.91 -0.878078
5.92 -0.86529
5.93 -0.852686
5.94 -0.840262
5.95 -0.828016
5.96 -0.815945
5.97 -0.804048
5.98 -0.792321
5.99 -0.780763
6 -0.769371
6.01 -0.758143
6.02 -0.747076
6.03 -0.736168
6.04 -0.725417
6.05 -0.714821
6.06 -0.704377
6.07 -0.694084
6.08 -0.68394
6.09 -0.673941
6.1 -0.664087
6.11 -0.654375
6.12 -0.644804
6.13 -0.63537
6.14 -0.626073
6.15 -0.61691
6.16 -0.60788
6.17 -0.59898
6.18 -0.590209
6.19 -0.581565
6.2 -0.573047
6.21 -0.564651
6.22 -0.556377
6.23 -0.548223
6.24 -0.540188
6.25 -0.532269
6.26 -0.524464
6.27 -0.516773
6.28 -0.509194
6.29 -0.501725
6.3 -0.494364
6.31 -0.48711
6.32 -0.479962
6.33 -0.472917
6.34 -0.465975
6.35 -0.459134
6.36 -0.452393
6.37 -0.445749
6.38 -0.439203
6.39 -0.432751
6.4 -0.426394
6.41 -0.420129
6.42 -0.413956
6.43 -0.407872
6.44 -0.401877
6.45 -0.39597
6.46 -0.390149
6.47 -0.384412
6.48 -0.37876
6.49 -0.37319
6.5 -0.367701
6.51 -0.362292
6.52 -0.356963
6.53 -0.351711
6.54 -0.346536
6.55 -0.341436
6.56 -0.336411
6.57 -0.33146
6.58 -0.326581
6.59 -0.321773
6.6 -0.317036
6.61 -0.312368
6.62 -0.307769
6.63 -0.303236
6.64 -0.29877
6.65 -0.29437
6.66 -0.290033
6.67 -0.285761
6.68 -0.281551
6.69 -0.277402
6.7 -0.273315
6.71 -0.269287
6.72 -0.265319
6.73 -0.261408
6.74 -0.257555
6.75 -0.253759
6.76 -0.250018
6.77 -0.246332
6.78 -0.2427
6.79 -0.239121
6.8 -0.235595
6.81 -0.232121
6.82 -0.228697
6.83 -0.225324
6.84 -0.222001
6.85 -0.218726
6.86 -0.215499
6.87 -0.21232
6.88 -0.209188
6.89 -0.206101
6.9 -0.20306
6.91 -0.200063
6.92 -0.197111
6.93 -0.194202
6.94 -0.191336
6.95 -0.188512
6.96 -0.185729
6.97 -0.182988
6.98 -0.180286
6.99 -0.177625
7 -0.175002
7.01 -0.172419
7.02 -0.169873
7.03 -0.167364
7.04 -0.164893
7.05 -0.162458
7.06 -0.160059
7.07 -0.157695
7.08 -0.155366
7.09 -0.153071
7.1 -0.15081
7.11 -0.148582
7.12 -0.146388
7.13 -0.144225
7.14 -0.142094
7.15 -0.139995
7.16 -0.137927
7.17 -0.135889
7.18 -0.133881
7.19 -0.131903
7.2 -0.129954
7.21 -0.128033
7.22 -0.126141
7.23 -0.124277
7.24 -0.12244
7.25 -0.120631
7.26 -0.118848
7.27 -0.117091
7.28 -0.11536
7.29 -0.113655
7.3 -0.111975
7.31 -0.11032
7.32 -0.108689
7.33 -0.107082
7.34 -0.105499
7.35 -0.103939
7.36 -0.102403
7.37 -0.100889
7.38 -0.099397
7.39 -0.0979273
7.4 -0.0964793
7.41 -0.0950527
7.42 -0.0936471
7.43 -0.0922623
7.44 -0.0908979
7.45 -0.0895536
7.46 -0.0882292
7.47 -0.0869244
7.48 -0.0856388
7.49 -0.0843722
7.5 -0.0831243
7.51 -0.0818948
7.52 -0.0806835
7.53 -0.0794901
7.54 -0.0783143
7.55 -0.0771558
7.56 -0.0760145
7.57 -0.0748901
7.58 -0.0737822
7.59 -0.0726907
7.6 -0.0716153
7.61 -0.0705559
7.62 -0.069512
7.63 -0.0684836
7.64 -0.0674704
7.65 -0.0664722
7.66 -0.0654887
7.67 -0.0645197
7.68 -0.0635651
7.69 -0.0626246
7.7 -0.0616979
7.71 -0.060785
7.72 -0.0598855
7.73 -0.0589994
7.74 -0.0581263
7.75 -0.0572662
7.76 -0.0564188
7.77 -0.0555838
7.78 -0.0547613
7.79 -0.0539509
7.8 -0.0531525
7.81 -0.0523658
7.82 -0.0515908
7.83 -0.0508273
7.84 -0.0500751
7.85 -0.0493339
7.86 -0.0486038
7.87 -0.0478844
7.88 -0.0471757
7.89 -0.0464774
7.9 -0.0457895
7.91 -0.0451118
7.92 -0.044444
7.93 -0.0437862
7.94 -0.0431381
7.95 -0.0424995
7.96 -0.0418704
7.97 -0.0412506
7.98 -0.04064
7.99 -0.0400384
8 -0.0394457
8.01 -0.0388618
8.02 -0.0382865
8.03 -0.0377197
8.04 -0.0371613
8.05 -0.0366112
8.06 -0.0360692
8.07 -0.0355352
8.08 -0.0350092
8.09 -0.0344909
8.1 -0.0339802
8.11 -0.0334772
8.12 -0.0329815
8.13 -0.0324932
8.14 -0.0320122
8.15 -0.0315382
8.16 -0.0310713
8.17 -0.0306113
8.18 -0.030158
8.19 -0.0297115
8.2 -0.0292716
8.21 -0.0288382
8.22 -0.0284112
8.23 -0.0279905
8.24 -0.0275761
8.25 -0.0271678
8.26 -0.0267655
8.27 -0.0263692
8.28 -0.0259788
8.29 -0.0255941
8.3 -0.0252151
8.31 -0.0248418
8.32 -0.0244739
8.33 -0.0241115
8.34 -0.0237545
8.35 -0.0234027
8.36 -0.0230562
8.37 -0.0227148
8.38 -0.0223784
8.39 -0.022047
8.4 -0.0217205
8.41 -0.0213989
8.42 -0.021082
8.43 -0.0207698
8.44 -0.0204623
8.45 -0.0201592
8.46 -0.0198607
8.47 -0.0195666
8.48 -0.0192768
8.49 -0.0189914
8.5 -0.0187101
8.51 -0.018433
8.52 -0.01816
8.53 -0.0178911
8.54 -0.0176262
8.55 -0.0173651
8.56 -0.0171079
8.57 -0.0168546
8.58 -0.016605
8.59 -0.0163591
8.6 -0.0161168
8.61 -0.0158781
8.62 -0.0156429
8.63 -0.0154113
8.64 -0.015183
8.65 -0.0149582
8.66 -0.0147366
8.67 -0.0145184
8.68 -0.0143033
8.69 -0.0140915
8.7 -0.0138828
8.71 -0.0136772
8.72 -0.0134746
8.73 -0.0132751
8.74 -0.0130784
8.75 -0.0128847
8.76 -0.0126939
8.77 -0.0125059
8.78 -0.0123207
8.79 -0.0121382
8.8 -0.0119584
8.81 -0.0117813
8.82 -0.0116068
8.83 -0.0114349
8.84 -0.0112655
8.85 -0.0110987
8.86 -0.0109343
8.87 -0.0107723
8.88 -0.0106128
8.89 -0.0104556
8.9 -0.0103007
8.91 -0.0101482
8.92 -0.00999784
8.93 -0.00984976
8.94 -0.00970386
8.95 -0.00956013
8.96 -0.00941853
8.97 -0.00927902
8.98 -0.00914158
8.99 -0.00900618
9 -0.00887278
9.01 -0.00874136
9.02 -0.00861188
9.03 -0.00848432
9.04 -0.00835865
9.05 -0.00823484
9.06 -0.00811286
9.07 -0.00799269
9.08 -0.0078743
9.09 -0.00775767
9.1 -0.00764276
9.11 -0.00752955
9.12 -0.00741802
9.13 -0.00730814
9.14 -0.00719989
9.15 -0.00709324
9.16 -0.00698817
9.17 -0.00688466
9.18 -0.00678268
9.19 -0.00668221
9.2 -0.00658323
9.21 -0.00648572
9.22 -0.00638964
9.23 -0.006295
9.24 -0.00620175
9.25 -0.00610989
9.26 -0.00601938
9.27 -0.00593022
9.28 -0.00584237
9.29 -0.00575583
9.3 -0.00567057
9.31 -0.00558657
9.32 -0.00550382
9.33 -0.00542229
9.34 -0.00534197
9.35 -0.00526284
9.36 -0.00518488
9.37 -0.00510808
9.38 -0.00503241
9.39 -0.00495787
9.4 -0.00488442
9.41 -0.00481207
9.42 -0.00474079
9.43 -0.00467056
9.44 -0.00460138
9.45 -0.00453322
9.46 -0.00446606
9.47 -0.00439991
9.48 -0.00433473
9.49 -0.00427052
9.5 -0.00420726
9.51 -0.00414493
9.52 -0.00408353
9.53 -0.00402304
9.54 -0.00396345
9.55 -0.00390474
9.56 -0.00384689
9.57 -0.00378991
9.58 -0.00373377
9.59 -0.00367846
9.6 -0.00362397
9.61 -0.00357028
9.62 -0.00351739
9.63 -0.00346529
9.64 -0.00341395
9.65 -0.00336338
9.66 -0.00331356
9.67 -0.00326447
9.68 -0.00321611
9.69 -0.00316847
9.7 -0.00312154
9.71 -0.00307529
9.72 -0.00302974
9.73 -0.00298486
9.74 -0.00294064
9.75 -0.00289708
9.76 -0.00285416
9.77 -0.00281188
9.78 -0.00277023
9.79 -0.00272919
9.8 -0.00268876
9.81 -0.00264893
9.82 -0.00260969
9.83 -0.00257103
9.84 -0.00253294
9.85 -0.00249542
9.86 -0.00245845
9.87 -0.00242203
9.88 -0.00238615
9.89 -0.00235081
9.9 -0.00231598
9.91 -0.00228167
9.92 -0.00224787
9.93 -0.00221457
9.94 -0.00218177
9.95 -0.00214944
9.96 -0.0021176
9.97 -0.00208623
9.98 -0.00205533
9.99 -0.00202488
10 -0.00199488
