0 -2.65432
0.10101 -2.65388
0.20202 -2.65256
0.30303 -2.65037
0.40404 -2.64729
0.505051 -2.64333
0.606061 -2.6385
0.707071 -2.63279
0.808081 -2.6262
0.909091 -2.61873
1.0101 -2.61038
1.11111 -2.60115
1.21212 -2.59105
1.31313 -2.58006
1.41414 -2.5682
1.51515 -2.55546
1.61616 -2.54184
1.71717 -2.52734
1.81818 -2.51196
1.91919 -2.4957
2.0202 -2.47856
2.12121 -2.46055
2.22222 -2.44166
2.32323 -2.42188
2.42424 -2.40123
2.52525 -2.3797
2.62626 -2.35729
2.72727 -2.33401
2.82828 -2.30984
2.92929 -2.28479
3.0303 -2.25887
3.13131 -2.23207
3.23232 -2.20439
3.33333 -2.17583
3.43434 -2.14639
3.53535 -2.11607
3.63636 -2.08487
3.73737 -2.0528
3.83838 -2.01984
3.93939 -1.98601
4.0404 -1.9513
4.14141 -1.91571
4.24242 -1.87924
4.34343 -1.84189
4.44444 -1.80367
4.54545 -1.76456
4.64646 -1.72458
4.74747 -1.68371
4.84848 -1.64197
4.94949 -1.59935
5.05051 -1.55585
5.15152 -1.51147
5.25253 -1.46622
5.35354 -1.42008
5.45455 -1.37307
5.55556 -1.32517
5.65657 -1.2764
5.75758 -1.22675
5.85859 -1.17622
5.9596 -1.12481
6.06061 -1.07253
6.16162 -1.01936
6.26263 -0.965315
6.36364 -0.910391
6.46465 -0.854589
6.56566 -0.797908
6.66667 -0.740348
6.76768 -0.68191
6.86869 -0.622592
6.9697 -0.562396
7.07071 -0.501322
7.17172 -0.439368
7.27273 -0.376536
7.37374 -0.312824
7.47475 -0.248234
7.57576 -0.182766
7.67677 -0.116418
7.77778 -0.0491919
7.87879 0.0189131
7.9798 0.0878969
8.08081 0.157759
8.18182 0.228501
8.28283 0.300121
8.38384 0.37262
8.48485 0.445998
8.58586 0.520254
8.68687 0.595389
8.78788 0.671403
8.88889 0.748296
8.9899 0.826068
9.09091 0.904718
9.19192 0.984247
9.29293 1.06465
9.39394 1.14594
9.49495 1.22811
9.59596 1.31115
9.69697 1.39507
9.79798 1.47988
9.89899 1.56556
10 1.65212
