0 -47.6287
0.10101 -47.1283
0.20202 -46.5301
0.30303 -45.8182
0.40404 -44.9761
0.505051 -43.9866
0.606061 -42.8334
0.707071 -41.5016
0.808081 -39.9803
0.909091 -38.2637
1.0101 -36.3534
1.11111 -34.26
1.21212 -32.0045
1.31313 -29.6181
1.41414 -27.1412
1.51515 -24.6212
1.61616 -22.109
1.71717 -19.6545
1.81818 -17.3035
1.91919 -15.0938
2.0202 -13.0536
2.12121 -11.2007
2.22222 -9.5429
2.32323 -8.07937
2.42424 -6.80254
2.52525 -5.70007
2.62626 -4.75659
2.72727 -3.95534
2.82828 -3.27927
2.92929 -2.71196
3.0303 -2.23809
3.13131 -1.84379
3.23232 -1.51675
3.33333 -1.24622
3.43434 -1.02292
3.53535 -0.838949
3.63636 -0.687597
3.73737 -0.563238
3.83838 -0.46116
3.93939 -0.377441
4.0404 -0.308825
4.14141 -0.25262
4.24242 -0.206601
4.34343 -0.168937
4.44444 -0.13812
4.54545 -0.112912
4.64646 -0.0922961
4.74747 -0.0754386
4.84848 -0.0616563
4.94949 -0.0503894
5.05051 -0.0411797
5.15152 -0.0336521
5.25253 -0.0274998
5.35354 -0.0224717
5.45455 -0.0183627
5.55556 -0.0150048
5.65657 -0.0122607
5.75758 -0.0100184
5.85859 -0.00818614
5.9596 -0.00668892
6.06061 -0.00546551
6.16162 -0.00446584
6.26263 -0.003649
6.36364 -0.00298156
6.46465 -0.00243619
6.56566 -0.00199058
6.66667 -0.00162647
6.76768 -0.00132896
6.86869 -0.00108587
6.9697 -0.000887246
7.07071 -0.000724952
7.17172 -0.000592344
7.27273 -0.000483992
7.37374 -0.00039546
7.47475 -0.000323123
7.57576 -0.000264017
7.67677 -0.000215723
7.77778 -0.000176263
7.87879 -0.00014402
7.9798 -0.000117676
8.08081 -9.61506e-05
8.18182 -7.85626e-05
8.28283 -6.41918e-05
8.38384 -5.24498e-05
8.48485 -4.28556e-05
8.58586 -3.50164e-05
8.68687 -2.86111e-05
8.78788 -2.33775e-05
8.88889 -1.91013e-05
8.9899 -1.56072e-05
9.09091 -1.27523e-05
9.19192 -1.04197e-05
9.29293 -8.51368e-06
9.39394 -6.95635e-06
9.49495 -5.68388e-06
9.59596 -4.64418e-06
9.69697 -3.79466e-06
9.79798 -3.10053e-06
9.89899 -2.53338e-06
10 -2.06997e-06
