0 9.59468
0.10101 9.59468
0.20202 11.1322
0.30303 12.7676
0.40404 14.4397
0.505051 16.0559
0.606061 17.4896
0.707071 18.5803
0.808081 19.1429
0.909091 18.9857
1.0101 17.9394
1.11111 15.8932
1.21212 12.8322
1.31313 8.86374
1.41414 4.22256
1.51515 -0.752224
1.61616 -5.66696
1.71717 -10.1379
1.81818 -13.8532
1.91919 -16.6151
2.0202 -18.3548
2.12121 -19.1193
2.22222 -19.0411
2.32323 -18.2998
2.42424 -17.0876
2.52525 -15.5838
2.62626 -13.939
2.72727 -12.2698
2.82828 -10.6586
2.92929 -9.15844
3.0303 -7.79892
3.13131 -6.59215
3.23232 -5.5382
3.33333 -4.62946
3.43434 -3.85392
3.53535 -3.19746
3.63636 -2.64548
3.73737 -2.18381
3.83838 -1.79935
3.93939 -1.48032
4.0404 -1.21633
4.14141 -0.998398
4.24242 -0.81883
4.34343 -0.671099
4.44444 -0.549714
4.54545 -0.450079
4.64646 -0.368365
4.74747 -0.301394
4.84848 -0.246538
4.94949 -0.201625
5.05051 -0.164866
5.15152 -0.13479
5.25253 -0.110189
5.35354 -0.0900698
5.45455 -0.0736186
5.55556 -0.0601685
5.65657 -0.0491733
5.75758 -0.0401857
5.85859 -0.0328397
5.9596 -0.0268359
6.06061 -0.0219292
6.16162 -0.0179193
6.26263 -0.0146425
6.36364 -0.0119647
6.46465 -0.00977651
6.56566 -0.00798846
6.66667 -0.00652739
6.76768 -0.00533352
6.86869 -0.00435799
6.9697 -0.00356088
7.07071 -0.00290955
7.17172 -0.00237736
7.27273 -0.00194251
7.37374 -0.00158719
7.47475 -0.00129687
7.57576 -0.00105965
7.67677 -0.000865818
7.77778 -0.000707444
7.87879 -0.000578038
7.9798 -0.000472304
8.08081 -0.00038591
8.18182 -0.000315319
8.28283 -0.000257641
8.38384 -0.000210513
8.48485 -0.000172006
8.58586 -0.000140542
8.68687 -0.000114834
8.78788 -9.38285e-05
8.88889 -7.66652e-05
8.9899 -6.26415e-05
9.09091 -5.11831e-05
9.19192 -4.18206e-05
9.29293 -3.41707e-05
9.39394 -2.79201e-05
9.49495 -2.28129e-05
9.59596 -1.864e-05
9.69697 -1.52303e-05
9.79798 -1.24444e-05
9.89899 -1.0168e-05
10 -1.0168e-05
