0 2
0.10101 2
0.20202 2
0.30303 2
0.40404 2
0.505051 2
0.606061 2
0.707071 2
0.808081 2
0.909091 2
1.0101 2
1.11111 2
1.21212 2
1.31313 2
1.41414 2
1.51515 2
1.61616 2
1.71717 2
1.81818 2
1.91919 2
2.0202 2
2.12121 2
2.22222 2
2.32323 2
2.42424 2
2.52525 2
2.62626 2
2.72727 2
2.82828 2
2.92929 2
3.0303 2
3.13131 2
3.23232 2
3.33333 2
3.43434 2
3.53535 2
3.63636 2
3.73737 2
3.83838 2
3.93939 2
4.0404 2
4.14141 2
4.24242 2
4.34343 2
4.44444 2
4.54545 2
4.64646 2
4.74747 2
4.84848 2
4.94949 2
5.05051 2
5.15152 2
5.25253 2
5.35354 2
5.45455 2
5.55556 2
5.65657 2
5.75758 2
5.85859 2
5.9596 2
6.06061 2
6.16162 2
6.26263 2
6.36364 2
6.46465 2
6.56566 2
6.66667 2
6.76768 2
6.86869 2
6.9697 2
7.07071 2
7.17172 2
7.27273 2
7.37374 2
7.47475 2
7.57576 2
7.67677 2
7.77778 2
7.87879 2
7.9798 2
8.08081 2
8.18182 2
8.28283 2
8.38384 2
8.48485 2
8.58586 2
8.68687 2
8.78788 2
8.88889 2
8.9899 2
9.09091 2
9.19192 2
9.29293 2
9.39394 2
9.49495 2
9.59596 2
9.69697 2
9.79798 2
9.89899 2
10 2
